1403636579.76355553 0 0 0 1 0 0 0 0 0 0 0 0 0 0 0 0 
1403636579.76355553 0 0 0 1 0 0 0 0 0 0 0 0 0 0 0 0 
1403636579.76355553 0 0 0 1 0 0 0 0 0 0 0 0 0 0 0 0 
1403636579.91355538 -0.216238002 -1.16627353 2.08500723 0.99821343 0.00812839639 -0.0133360611 0.057671713 0 0 0 0 0 0 0 0 0 
1403636579.96355557 -0.392351679 -1.69855973 2.97825673 0.994242574 0.00881056556 -0.0205130646 0.1048012 0 0 0 0 0 0 0 0 0 
1403636579.96355557 -0.392351679 -1.69855973 2.97825673 0.994242574 0.00881056556 -0.0205130646 0.1048012 0 0 0 0 0 0 0 0 0 
1403636580.06355548 -0.580596022 -1.14461221 2.76660725 0.98804038 0.0195649528 -0.0296189678 0.150053783 0 0 0 0 0 0 0 0 0 
1403636580.11355543 -0.360550818 -0.557028122 1.96051085 0.989464887 0.0160438348 -0.0338766893 0.139836344 0 0 0 0 0 0 0 0 0 
1403636580.11355543 -0.360550818 -0.557028122 1.96051085 0.989464887 0.0160438348 -0.0338766893 0.139836344 0 0 0 0 0 0 0 0 0 
1403636580.21355557 0.0179841714 -0.0866591669 0.938877293 0.992288204 0.0243764388 -0.0395085031 0.114930364 0 0 0 0 0 0 0 0 0 
1403636580.21355557 0.0179841714 -0.0866591669 0.938877293 0.992288204 0.0243764388 -0.0395085031 0.114930364 0 0 0 0 0 0 0 0 0 
1403636580.31355548 0.0405223013 -0.017262946 0.43608479 0.99482978 0.0220803125 -0.0352612668 0.0926434616 0 0 0 0 0 0 0 0 0 
1403636580.31355548 0.0405223013 -0.017262946 0.43608479 0.99482978 0.0220803125 -0.0352612668 0.0926434616 0 0 0 0 0 0 0 0 0 
1403636580.41355538 0.00719285605 -0.148943145 0.461063214 0.99484537 0.0194253325 -0.0376713654 0.0921206469 0 0 0 0 0 0 0 0 0 
1403636580.46355557 0.0288963913 -0.135931271 0.242625646 0.998321023 0.0102787065 -0.0197867948 0.0534599426 0 0 0 0 0 0 0 0 0 
1403636580.51355553 0.276574763 -0.443868714 1.21352871 0.997786921 0.0122650585 -0.0256515378 0.060106798 0 0 0 0 0 0 0 0 0 
1403636580.51355553 0.276574763 -0.443868714 1.21352871 0.997786921 0.0122650585 -0.0256515378 0.060106798 0 0 0 0 0 0 0 0 0 
1403636580.51355553 0.276574763 -0.443868714 1.21352871 0.997786921 0.0122650585 -0.0256515378 0.060106798 0 0 0 0 0 0 0 0 0 
1403636580.66355538 -0.199698587 0.336685234 -0.797367981 0.999871931 -4.56370988e-05 0.00802180296 -0.0138480762 0 0 0 0 0 0 0 0 0 
1403636580.71355557 0.320944428 0.212186626 -1.66189774 0.999417058 -0.00341409046 -0.0186128324 0.0284156856 0 0 0 0 0 0 0 0 0 
1403636580.76355553 -0.0879624768 0.481367805 -2.60362516 0.999870011 0.00447337545 -0.00215398816 0.0153398472 0 0 0 0 0 0 0 0 0 
1403636580.81355548 -0.16063671 0.692871533 -3.49802446 0.999683668 -0.00488428651 -0.0131564441 0.0208714052 0 0 0 0 0 0 0 0 0 
