1317623658.65502191 0 0 0 1 0 0 0 0 0 0 0 0 0 0 0 0 
1317623658.75878096 0.0153994627 0.345180268 0.098941737 0.99870513 -0.00790966623 -0.00794465623 -0.0496223998 0 0 0 0 0 0 0 0 0 
1317623658.86261201 2.72406293 2.16462 0.585134213 0.996166341 -0.0109738693 -0.00964032611 -0.086251141 0 0 0 0 0 0 0 0 0 
1317623658.96662688 -12.9267896 0.702261024 11.6022412 0.997903979 0.0129299671 0.00944598935 0.0626995905 0 0 0 0 0 0 0 0 0 
1317623659.07010794 -10.4129042 1.02046437 9.55255839 0.997561922 0.00875345007 -0.0139205486 0.067821878 0 0 0 0 0 0 0 0 0 
1317623659.17389107 -10.3718288 3.59497506 -2.27591276 0.999265895 0.00339771849 -0.0143401593 -0.0353622289 0 0 0 0 0 0 0 0 0 
1317623659.27770901 -0.94615755 1.29508816 11.6161793 0.999582164 0.000225936641 0.0173892327 0.0230881174 0 0 0 0 0 0 0 0 0 
1317623659.38145304 0.55572615 1.96419712 4.13734578 0.999650069 0.00593338724 -0.00606846576 -0.0250541185 0 0 0 0 0 0 0 0 0 
1317623659.48519206 -0.113541779 1.6222616 0.114732411 0.998987406 0.00602956689 -0.0269749483 -0.0354987151 0 0 0 0 0 0 0 0 0 
1317623659.588974 -3.4753404 3.69366136 1.13324026 0.994601966 0.018520258 -0.0286579511 -0.097993116 0 0 0 0 0 0 0 0 0 
1317623659.69271708 -10.9893885 6.00888296 8.8994241 0.994436483 0.0282965706 0.0566414929 -0.0841850723 0 0 0 0 0 0 0 0 0 
1317623659.79650402 12.7352319 -0.584030245 11.0660602 0.99498662 -0.0258729267 -0.0548656721 0.0795108492 0 0 0 0 0 0 0 0 0 
1317623659.90015793 33.2633806 10.3153546 86.1615655 0.998938352 -0.00573156583 -0.0411776883 0.0198422814 0 0 0 0 0 0 0 0 0 
1317623660.0038929 -15.7174783 -0.411019856 -2.58506266 0.999903102 0.00542083749 0.0127242437 -0.00157918439 0 0 0 0 0 0 0 0 0 
1317623660.1077559 5.79285302 -0.462681802 -3.93493817 0.999298249 -0.0183463884 -0.0126450891 0.0301085005 0 0 0 0 0 0 0 0 0 
1317623660.21139598 -12.3909939 -1.78091427 -14.4294085 0.999633659 0.00372269204 0.00964045198 -0.0250149993 0 0 0 0 0 0 0 0 0 
1317623660.31511688 5.59701847 -2.61424154 -21.8405896 0.999434024 0.00533202446 -0.0139122651 -0.0301604127 0 0 0 0 0 0 0 0 0 
1317623660.418859 5.61160164 -3.7203754 -40.3951197 0.999223572 0.0021987231 -0.0273195839 -0.0283029751 0 0 0 0 0 0 0 0 0 
1317623660.52273607 4.54913858 -3.79468291 -47.8360882 0.998690505 0.00140592626 -0.0407093282 -0.0309523759 0 0 0 0 0 0 0 0 0 
1317623660.62634397 5.54639139 -4.21892726 -29.8555545 0.998311056 -0.00312785419 -0.0462042502 -0.0350773327 0 0 0 0 0 0 0 0 0 
1317623660.72995901 17.9050396 -3.91189863 -57.6768108 0.990448299 -0.00654907034 -0.093203954 -0.101401673 0 0 0 0 0 0 0 0 0 
1317623660.83369994 3.14260815 -7.39456591 -67.0235674 0.997323862 -0.0457734135 -0.0127284672 -0.0555688255 0 0 0 0 0 0 0 0 0 
1317623660.93744898 13.7012547 -7.04271716 -80.1579212 0.972936877 -0.08453823 -0.0903303909 0.195160297 0 0 0 0 0 0 0 0 0 
1317623661.04105496 17.1087307 -11.525123 -94.8885499 0.814522326 -0.120140759 -0.0633958858 0.564004025 0 0 0 0 0 0 0 0 0 
1317623661.14467096 16.5115722 -15.0714578 -91.0795062 0.656702122 -0.154235561 -0.0251838637 0.737780108 0 0 0 0 0 0 0 0 0 
1317623661.24840808 9.74821059 -11.9762953 -95.092408 0.707128178 -0.159384526 -0.0229921806 0.688503938 0 0 0 0 0 0 0 0 0 
1317623661.35202789 12.8028185 -13.123427 -111.64673 0.579098424 -0.171887979 -0.03321175 0.796238983 0 0 0 0 0 0 0 0 0 
1317623661.45564198 -24.9966491 -4.24998824 -30.6785553 0.211879734 -0.264901111 0.119156776 0.933132382 0 0 0 0 0 0 0 0 0 
1317623661.45564198 -24.9966491 -4.24998824 -30.6785553 0.211879734 -0.264901111 0.119156776 0.933132382 0 0 0 0 0 0 0 0 0 
1317623661.45564198 -24.9966491 -4.24998824 -30.6785553 0.211879734 -0.264901111 0.119156776 0.933132382 0 0 0 0 0 0 0 0 0 
1317623661.45564198 -24.9966491 -4.24998824 -30.6785553 0.211879734 -0.264901111 0.119156776 0.933132382 0 0 0 0 0 0 0 0 0 
1317623661.45564198 -24.9966491 -4.24998824 -30.6785553 0.211879734 -0.264901111 0.119156776 0.933132382 0 0 0 0 0 0 0 0 0 
1317623661.97409511 -69.4577481 -37.3006496 -76.1334848 -0.303516772 -0.289313016 0.0524477063 0.906324879 0 0 0 0 0 0 0 0 0 
1317623662.07783198 -73.9100231 -52.8000005 -65.1039379 -0.170431649 -0.263190196 0.160026947 0.935988969 0 0 0 0 0 0 0 0 0 
1317623662.18157196 -115.046277 -68.958028 -99.7356485 -0.125092447 -0.257996312 0.195979764 0.937753547 0 0 0 0 0 0 0 0 0 
1317623662.28530693 -106.663651 -69.1047485 -96.2034813 -0.0908886494 -0.262082545 0.218691558 0.935535139 0 0 0 0 0 0 0 0 0 
1317623662.38894606 -148.181233 -86.2186394 -112.798141 -0.114095211 -0.275192309 0.206669065 0.931954598 0 0 0 0 0 0 0 0 0 
1317623662.49254608 -139.704724 -99.6561912 -120.443504 -0.110231137 -0.286660503 0.211249534 0.927926984 0 0 0 0 0 0 0 0 0 
1317623662.59631205 -107.650466 -91.4273838 -120.215908 -0.0683822833 -0.288181929 0.234658545 0.92585658 0 0 0 0 0 0 0 0 0 
1317623662.69992304 -17.1891087 -58.2091996 -172.685093 -0.185248298 -0.357396382 0.141424907 0.904405822 0 0 0 0 0 0 0 0 0 
1317623662.80364704 -166.791837 -109.257146 -267.29673 -0.0775917863 -0.319193006 0.216159951 0.919440164 0 0 0 0 0 0 0 0 0 
1317623662.90731502 -279.550084 -101.307894 -129.996112 -0.0605930309 -0.3076607 0.216241328 0.924615091 0 0 0 0 0 0 0 0 0 
1317623663.01099491 -292.151577 -113.745528 -92.6104794 -0.0577146087 -0.312090948 0.21881992 0.922705861 0 0 0 0 0 0 0 0 0 
1317623663.11462998 -257.981965 -125.04326 -167.145624 -0.0316663939 -0.315229845 0.235093536 0.918889773 0 0 0 0 0 0 0 0 0 
1317623663.21823812 -271.705902 -111.625072 -175.448964 -0.0372296692 -0.320370338 0.229085998 0.918420603 0 0 0 0 0 0 0 0 0 
1317623663.32196808 -312.156452 -111.393886 -149.242474 -0.0430410879 -0.320247384 0.226777456 0.918782381 0 0 0 0 0 0 0 0 0 
1317623663.42558002 -394.813757 -44.6036875 -157.680488 0.0852174058 -0.271611446 0.291497388 0.913232987 0 0 0 0 0 0 0 0 0 
1317623663.52934003 -395.722799 -151.153314 -73.5352859 -0.0580126539 -0.29274032 0.27069565 0.915238495 0 0 0 0 0 0 0 0 0 
1317623663.63298893 -374.386175 -116.329563 -104.976038 -0.0214359748 -0.321378827 0.231422 0.917986931 0 0 0 0 0 0 0 0 0 
1317623663.63298893 -374.386175 -116.329563 -104.976038 -0.0214359748 -0.321378827 0.231422 0.917986931 0 0 0 0 0 0 0 0 0 
1317623663.84029102 -363.931377 -147.065229 -136.081292 -0.0437326799 -0.334157693 0.224712695 0.914292237 0 0 0 0 0 0 0 0 0 
1317623663.94396496 -415.782619 -106.762078 -167.129751 0.0361504585 -0.304020508 0.263276981 0.914849663 0 0 0 0 0 0 0 0 0 
1317623663.94396496 -415.782619 -106.762078 -167.129751 0.0361504585 -0.304020508 0.263276981 0.914849663 0 0 0 0 0 0 0 0 0 
1317623664.15133595 -462.269805 -63.5760459 -223.057935 0.0651311071 -0.289383952 0.271741611 0.915516993 0 0 0 0 0 0 0 0 0 
1317623664.15133595 -462.269805 -63.5760459 -223.057935 0.0651311071 -0.289383952 0.271741611 0.915516993 0 0 0 0 0 0 0 0 0 
1317623664.15133595 -462.269805 -63.5760459 -223.057935 0.0651311071 -0.289383952 0.271741611 0.915516993 0 0 0 0 0 0 0 0 0 
1317623664.15133595 -462.269805 -63.5760459 -223.057935 0.0651311071 -0.289383952 0.271741611 0.915516993 0 0 0 0 0 0 0 0 0 
1317623664.5659771 169.911317 455.365497 -240.241723 0.802102144 0.150320771 0.415809802 0.401420011 0 0 0 0 0 0 0 0 0 
1317623664.5659771 169.911317 455.365497 -240.241723 0.802102144 0.150320771 0.415809802 0.401420011 0 0 0 0 0 0 0 0 0 
1317623664.5659771 169.911317 455.365497 -240.241723 0.802102144 0.150320771 0.415809802 0.401420011 0 0 0 0 0 0 0 0 0 
1317623664.5659771 169.911317 455.365497 -240.241723 0.802102144 0.150320771 0.415809802 0.401420011 0 0 0 0 0 0 0 0 0 
1317623664.98069096 -311.00221 117.271279 -507.697688 0.160098893 -0.330421789 0.243216785 0.897794732 0 0 0 0 0 0 0 0 0 
1317623664.98069096 -311.00221 117.271279 -507.697688 0.160098893 -0.330421789 0.243216785 0.897794732 0 0 0 0 0 0 0 0 0 
1317623664.98069096 -311.00221 117.271279 -507.697688 0.160098893 -0.330421789 0.243216785 0.897794732 0 0 0 0 0 0 0 0 0 
1317623664.98069096 -311.00221 117.271279 -507.697688 0.160098893 -0.330421789 0.243216785 0.897794732 0 0 0 0 0 0 0 0 0 
1317623664.98069096 -311.00221 117.271279 -507.697688 0.160098893 -0.330421789 0.243216785 0.897794732 0 0 0 0 0 0 0 0 0 
1317623665.49911904 417.015904 227.402956 -377.589584 0.89810996 -0.09451844 0.228247226 0.36382409 0 0 0 0 0 0 0 0 0 
1317623665.49911904 417.015904 227.402956 -377.589584 0.89810996 -0.09451844 0.228247226 0.36382409 0 0 0 0 0 0 0 0 0 
1317623665.49911904 417.015904 227.402956 -377.589584 0.89810996 -0.09451844 0.228247226 0.36382409 0 0 0 0 0 0 0 0 0 
1317623665.49911904 417.015904 227.402956 -377.589584 0.89810996 -0.09451844 0.228247226 0.36382409 0 0 0 0 0 0 0 0 0 
1317623665.49911904 417.015904 227.402956 -377.589584 0.89810996 -0.09451844 0.228247226 0.36382409 0 0 0 0 0 0 0 0 0 
1317623666.01759005 166.451333 39.5421205 -582.146766 0.65959923 -0.359076037 0.454650086 0.478838756 0 0 0 0 0 0 0 0 0 
1317623666.01759005 166.451333 39.5421205 -582.146766 0.65959923 -0.359076037 0.454650086 0.478838756 0 0 0 0 0 0 0 0 0 
1317623666.01759005 166.451333 39.5421205 -582.146766 0.65959923 -0.359076037 0.454650086 0.478838756 0 0 0 0 0 0 0 0 0 
1317623666.01759005 166.451333 39.5421205 -582.146766 0.65959923 -0.359076037 0.454650086 0.478838756 0 0 0 0 0 0 0 0 0 
1317623666.01759005 166.451333 39.5421205 -582.146766 0.65959923 -0.359076037 0.454650086 0.478838756 0 0 0 0 0 0 0 0 0 
1317623666.53604507 40.4915033 361.485843 -485.457488 -0.627675065 0.206321029 -0.297521275 -0.68915654 0 0 0 0 0 0 0 0 0 
1317623666.53604507 40.4915033 361.485843 -485.457488 -0.627675065 0.206321029 -0.297521275 -0.68915654 0 0 0 0 0 0 0 0 0 
1317623666.53604507 40.4915033 361.485843 -485.457488 -0.627675065 0.206321029 -0.297521275 -0.68915654 0 0 0 0 0 0 0 0 0 
1317623666.53604507 40.4915033 361.485843 -485.457488 -0.627675065 0.206321029 -0.297521275 -0.68915654 0 0 0 0 0 0 0 0 0 
1317623666.53604507 40.4915033 361.485843 -485.457488 -0.627675065 0.206321029 -0.297521275 -0.68915654 0 0 0 0 0 0 0 0 0 
1317623667.0545671 214.113398 -263.206641 -478.448952 -0.86550379 0.110706858 -0.484488758 0.062592522 0 0 0 0 0 0 0 0 0 
1317623667.0545671 214.113398 -263.206641 -478.448952 -0.86550379 0.110706858 -0.484488758 0.062592522 0 0 0 0 0 0 0 0 0 
1317623667.0545671 214.113398 -263.206641 -478.448952 -0.86550379 0.110706858 -0.484488758 0.062592522 0 0 0 0 0 0 0 0 0 
1317623667.36572003 81.8367812 316.691914 -794.748422 -0.348302359 0.599261801 -0.495848155 -0.523168585 0 0 0 0 0 0 0 0 0 
1317623667.36572003 81.8367812 316.691914 -794.748422 -0.348302359 0.599261801 -0.495848155 -0.523168585 0 0 0 0 0 0 0 0 0 
1317623667.36572003 81.8367812 316.691914 -794.748422 -0.348302359 0.599261801 -0.495848155 -0.523168585 0 0 0 0 0 0 0 0 0 
1317623667.36572003 81.8367812 316.691914 -794.748422 -0.348302359 0.599261801 -0.495848155 -0.523168585 0 0 0 0 0 0 0 0 0 
1317623667.36572003 81.8367812 316.691914 -794.748422 -0.348302359 0.599261801 -0.495848155 -0.523168585 0 0 0 0 0 0 0 0 0 
1317623667.88417006 139.066271 617.26227 -146.588207 -0.788646022 0.490437513 -0.0559729168 -0.366572679 0 0 0 0 0 0 0 0 0 
1317623667.88417006 139.066271 617.26227 -146.588207 -0.788646022 0.490437513 -0.0559729168 -0.366572679 0 0 0 0 0 0 0 0 0 
1317623667.88417006 139.066271 617.26227 -146.588207 -0.788646022 0.490437513 -0.0559729168 -0.366572679 0 0 0 0 0 0 0 0 0 
1317623667.88417006 139.066271 617.26227 -146.588207 -0.788646022 0.490437513 -0.0559729168 -0.366572679 0 0 0 0 0 0 0 0 0 
1317623667.88417006 139.066271 617.26227 -146.588207 -0.788646022 0.490437513 -0.0559729168 -0.366572679 0 0 0 0 0 0 0 0 0 
1317623668.40258789 301.900051 -219.942285 -531.329804 0.56036278 -0.431528057 0.677578363 -0.201654788 0 0 0 0 0 0 0 0 0 
1317623668.40258789 301.900051 -219.942285 -531.329804 0.56036278 -0.431528057 0.677578363 -0.201654788 0 0 0 0 0 0 0 0 0 
1317623668.40258789 301.900051 -219.942285 -531.329804 0.56036278 -0.431528057 0.677578363 -0.201654788 0 0 0 0 0 0 0 0 0 
1317623668.40258789 301.900051 -219.942285 -531.329804 0.56036278 -0.431528057 0.677578363 -0.201654788 0 0 0 0 0 0 0 0 0 
1317623668.40258789 301.900051 -219.942285 -531.329804 0.56036278 -0.431528057 0.677578363 -0.201654788 0 0 0 0 0 0 0 0 0 
1317623668.92097306 375.157293 223.793194 -480.413299 0.716683973 -0.0622056735 0.692961645 0.0479447086 0 0 0 0 0 0 0 0 0 
1317623668.92097306 375.157293 223.793194 -480.413299 0.716683973 -0.0622056735 0.692961645 0.0479447086 0 0 0 0 0 0 0 0 0 
1317623668.92097306 375.157293 223.793194 -480.413299 0.716683973 -0.0622056735 0.692961645 0.0479447086 0 0 0 0 0 0 0 0 0 
1317623668.92097306 375.157293 223.793194 -480.413299 0.716683973 -0.0622056735 0.692961645 0.0479447086 0 0 0 0 0 0 0 0 0 
1317623668.92097306 375.157293 223.793194 -480.413299 0.716683973 -0.0622056735 0.692961645 0.0479447086 0 0 0 0 0 0 0 0 0 
1317623669.43950701 470.924251 132.087221 -426.899482 0.775872159 -0.233168958 0.585698685 -0.0247321642 0 0 0 0 0 0 0 0 0 
1317623669.43950701 470.924251 132.087221 -426.899482 0.775872159 -0.233168958 0.585698685 -0.0247321642 0 0 0 0 0 0 0 0 0 
1317623669.43950701 470.924251 132.087221 -426.899482 0.775872159 -0.233168958 0.585698685 -0.0247321642 0 0 0 0 0 0 0 0 0 
1317623669.43950701 470.924251 132.087221 -426.899482 0.775872159 -0.233168958 0.585698685 -0.0247321642 0 0 0 0 0 0 0 0 0 
1317623669.43950701 470.924251 132.087221 -426.899482 0.775872159 -0.233168958 0.585698685 -0.0247321642 0 0 0 0 0 0 0 0 0 
1317623669.95838189 441.450102 -166.423797 -445.670579 0.717812715 0.0109777724 0.644550675 -0.263018671 0 0 0 0 0 0 0 0 0 
1317623669.95838189 441.450102 -166.423797 -445.670579 0.717812715 0.0109777724 0.644550675 -0.263018671 0 0 0 0 0 0 0 0 0 
1317623669.95838189 441.450102 -166.423797 -445.670579 0.717812715 0.0109777724 0.644550675 -0.263018671 0 0 0 0 0 0 0 0 0 
1317623669.95838189 441.450102 -166.423797 -445.670579 0.717812715 0.0109777724 0.644550675 -0.263018671 0 0 0 0 0 0 0 0 0 
1317623669.95838189 441.450102 -166.423797 -445.670579 0.717812715 0.0109777724 0.644550675 -0.263018671 0 0 0 0 0 0 0 0 0 
1317623670.47645211 245.079457 -169.906302 -576.29029 0.558472339 0.19921261 0.741219696 -0.314668625 0 0 0 0 0 0 0 0 0 
1317623670.47645211 245.079457 -169.906302 -576.29029 0.558472339 0.19921261 0.741219696 -0.314668625 0 0 0 0 0 0 0 0 0 
1317623670.47645211 245.079457 -169.906302 -576.29029 0.558472339 0.19921261 0.741219696 -0.314668625 0 0 0 0 0 0 0 0 0 
1317623670.47645211 245.079457 -169.906302 -576.29029 0.558472339 0.19921261 0.741219696 -0.314668625 0 0 0 0 0 0 0 0 0 
1317623670.47645211 245.079457 -169.906302 -576.29029 0.558472339 0.19921261 0.741219696 -0.314668625 0 0 0 0 0 0 0 0 0 
1317623670.99463701 339.048931 97.1727128 -544.651892 0.658610631 0.0065160407 0.749695112 -0.0643957814 0 0 0 0 0 0 0 0 0 
1317623670.99463701 339.048931 97.1727128 -544.651892 0.658610631 0.0065160407 0.749695112 -0.0643957814 0 0 0 0 0 0 0 0 0 
1317623670.99463701 339.048931 97.1727128 -544.651892 0.658610631 0.0065160407 0.749695112 -0.0643957814 0 0 0 0 0 0 0 0 0 
1317623670.99463701 339.048931 97.1727128 -544.651892 0.658610631 0.0065160407 0.749695112 -0.0643957814 0 0 0 0 0 0 0 0 0 
1317623670.99463701 339.048931 97.1727128 -544.651892 0.658610631 0.0065160407 0.749695112 -0.0643957814 0 0 0 0 0 0 0 0 0 
1317623671.51284599 486.485164 -49.441568 -426.508991 0.755326754 -0.137201952 0.617735542 -0.170469703 0 0 0 0 0 0 0 0 0 
1317623671.51284599 486.485164 -49.441568 -426.508991 0.755326754 -0.137201952 0.617735542 -0.170469703 0 0 0 0 0 0 0 0 0 
1317623671.51284599 486.485164 -49.441568 -426.508991 0.755326754 -0.137201952 0.617735542 -0.170469703 0 0 0 0 0 0 0 0 0 
1317623671.51284599 486.485164 -49.441568 -426.508991 0.755326754 -0.137201952 0.617735542 -0.170469703 0 0 0 0 0 0 0 0 0 
1317623671.51284599 486.485164 -49.441568 -426.508991 0.755326754 -0.137201952 0.617735542 -0.170469703 0 0 0 0 0 0 0 0 0 
1317623672.03119302 490.841584 -26.1406756 -423.505855 -0.761554797 0.0647151716 -0.625769737 0.155751323 0 0 0 0 0 0 0 0 0 
1317623672.03119302 490.841584 -26.1406756 -423.505855 -0.761554797 0.0647151716 -0.625769737 0.155751323 0 0 0 0 0 0 0 0 0 
1317623672.03119302 490.841584 -26.1406756 -423.505855 -0.761554797 0.0647151716 -0.625769737 0.155751323 0 0 0 0 0 0 0 0 0 
1317623672.03119302 490.841584 -26.1406756 -423.505855 -0.761554797 0.0647151716 -0.625769737 0.155751323 0 0 0 0 0 0 0 0 0 
1317623672.03119302 490.841584 -26.1406756 -423.505855 -0.761554797 0.0647151716 -0.625769737 0.155751323 0 0 0 0 0 0 0 0 0 
1317623672.54945803 383.257853 -121.578802 -509.188162 0.671721693 0.0531934397 0.699722148 -0.23738016 0 0 0 0 0 0 0 0 0 
1317623672.54945803 383.257853 -121.578802 -509.188162 0.671721693 0.0531934397 0.699722148 -0.23738016 0 0 0 0 0 0 0 0 0 
1317623672.54945803 383.257853 -121.578802 -509.188162 0.671721693 0.0531934397 0.699722148 -0.23738016 0 0 0 0 0 0 0 0 0 
1317623672.54945803 383.257853 -121.578802 -509.188162 0.671721693 0.0531934397 0.699722148 -0.23738016 0 0 0 0 0 0 0 0 0 
1317623672.54945803 383.257853 -121.578802 -509.188162 0.671721693 0.0531934397 0.699722148 -0.23738016 0 0 0 0 0 0 0 0 0 
1317623673.06788802 192.186701 86.1242537 -613.667608 0.570098793 -0.0743511417 0.816581068 -0.0515231339 0 0 0 0 0 0 0 0 0 
1317623673.06788802 192.186701 86.1242537 -613.667608 0.570098793 -0.0743511417 0.816581068 -0.0515231339 0 0 0 0 0 0 0 0 0 
1317623673.06788802 192.186701 86.1242537 -613.667608 0.570098793 -0.0743511417 0.816581068 -0.0515231339 0 0 0 0 0 0 0 0 0 
1317623673.06788802 192.186701 86.1242537 -613.667608 0.570098793 -0.0743511417 0.816581068 -0.0515231339 0 0 0 0 0 0 0 0 0 
1317623673.06788802 192.186701 86.1242537 -613.667608 0.570098793 -0.0743511417 0.816581068 -0.0515231339 0 0 0 0 0 0 0 0 0 
1317623673.58665109 283.269776 158.831783 -561.572211 0.659431641 -0.261151786 0.703659132 0.042584996 0 0 0 0 0 0 0 0 0 
1317623673.58665109 283.269776 158.831783 -561.572211 0.659431641 -0.261151786 0.703659132 0.042584996 0 0 0 0 0 0 0 0 0 
1317623673.58665109 283.269776 158.831783 -561.572211 0.659431641 -0.261151786 0.703659132 0.042584996 0 0 0 0 0 0 0 0 0 
1317623673.58665109 283.269776 158.831783 -561.572211 0.659431641 -0.261151786 0.703659132 0.042584996 0 0 0 0 0 0 0 0 0 
1317623673.58665109 283.269776 158.831783 -561.572211 0.659431641 -0.261151786 0.703659132 0.042584996 0 0 0 0 0 0 0 0 0 
1317623674.10452604 327.337948 215.636809 -516.898155 0.702154043 -0.323446552 0.628783248 0.0836280772 0 0 0 0 0 0 0 0 0 
1317623674.10452604 327.337948 215.636809 -516.898155 0.702154043 -0.323446552 0.628783248 0.0836280772 0 0 0 0 0 0 0 0 0 
1317623674.10452604 327.337948 215.636809 -516.898155 0.702154043 -0.323446552 0.628783248 0.0836280772 0 0 0 0 0 0 0 0 0 
1317623674.10452604 327.337948 215.636809 -516.898155 0.702154043 -0.323446552 0.628783248 0.0836280772 0 0 0 0 0 0 0 0 0 
1317623674.10452604 327.337948 215.636809 -516.898155 0.702154043 -0.323446552 0.628783248 0.0836280772 0 0 0 0 0 0 0 0 0 
1317623674.62280607 142.281386 -341.381652 -532.961829 0.502592587 -0.0923772068 0.764234923 -0.39346172 0 0 0 0 0 0 0 0 0 
1317623674.62280607 142.281386 -341.381652 -532.961829 0.502592587 -0.0923772068 0.764234923 -0.39346172 0 0 0 0 0 0 0 0 0 
1317623674.62280607 142.281386 -341.381652 -532.961829 0.502592587 -0.0923772068 0.764234923 -0.39346172 0 0 0 0 0 0 0 0 0 
1317623674.62280607 142.281386 -341.381652 -532.961829 0.502592587 -0.0923772068 0.764234923 -0.39346172 0 0 0 0 0 0 0 0 0 
1317623674.62280607 142.281386 -341.381652 -532.961829 0.502592587 -0.0923772068 0.764234923 -0.39346172 0 0 0 0 0 0 0 0 0 
1317623675.14123011 -104.142933 512.222041 -384.114591 0.457564889 -0.0778162491 0.789795528 0.401001282 0 0 0 0 0 0 0 0 0 
1317623675.14123011 -104.142933 512.222041 -384.114591 0.457564889 -0.0778162491 0.789795528 0.401001282 0 0 0 0 0 0 0 0 0 
1317623675.14123011 -104.142933 512.222041 -384.114591 0.457564889 -0.0778162491 0.789795528 0.401001282 0 0 0 0 0 0 0 0 0 
1317623675.14123011 -104.142933 512.222041 -384.114591 0.457564889 -0.0778162491 0.789795528 0.401001282 0 0 0 0 0 0 0 0 0 
1317623675.14123011 -104.142933 512.222041 -384.114591 0.457564889 -0.0778162491 0.789795528 0.401001282 0 0 0 0 0 0 0 0 0 
1317623675.65933704 -633.105603 -130.155652 54.3596281 -0.309511735 -0.332333516 0.813656556 0.362932403 0 0 0 0 0 0 0 0 0 
1317623675.65933704 -633.105603 -130.155652 54.3596281 -0.309511735 -0.332333516 0.813656556 0.362932403 0 0 0 0 0 0 0 0 0 
1317623675.65933704 -633.105603 -130.155652 54.3596281 -0.309511735 -0.332333516 0.813656556 0.362932403 0 0 0 0 0 0 0 0 0 
1317623675.65933704 -633.105603 -130.155652 54.3596281 -0.309511735 -0.332333516 0.813656556 0.362932403 0 0 0 0 0 0 0 0 0 
1317623675.65933704 -633.105603 -130.155652 54.3596281 -0.309511735 -0.332333516 0.813656556 0.362932403 0 0 0 0 0 0 0 0 0 
1317623676.17776489 -595.034309 236.418043 -48.2370766 -0.326817216 0.105138749 0.930174222 -0.130047176 0 0 0 0 0 0 0 0 0 
1317623676.17776489 -595.034309 236.418043 -48.2370766 -0.326817216 0.105138749 0.930174222 -0.130047176 0 0 0 0 0 0 0 0 0 
1317623676.17776489 -595.034309 236.418043 -48.2370766 -0.326817216 0.105138749 0.930174222 -0.130047176 0 0 0 0 0 0 0 0 0 
1317623676.17776489 -595.034309 236.418043 -48.2370766 -0.326817216 0.105138749 0.930174222 -0.130047176 0 0 0 0 0 0 0 0 0 
1317623676.17776489 -595.034309 236.418043 -48.2370766 -0.326817216 0.105138749 0.930174222 -0.130047176 0 0 0 0 0 0 0 0 0 
1317623676.69604206 -637.345119 7.87548179 -18.2094069 -0.331393141 0.0479817457 0.812473151 -0.477245972 0 0 0 0 0 0 0 0 0 
1317623676.69604206 -637.345119 7.87548179 -18.2094069 -0.331393141 0.0479817457 0.812473151 -0.477245972 0 0 0 0 0 0 0 0 0 
1317623676.69604206 -637.345119 7.87548179 -18.2094069 -0.331393141 0.0479817457 0.812473151 -0.477245972 0 0 0 0 0 0 0 0 0 
1317623676.69604206 -637.345119 7.87548179 -18.2094069 -0.331393141 0.0479817457 0.812473151 -0.477245972 0 0 0 0 0 0 0 0 0 
1317623676.69604206 -637.345119 7.87548179 -18.2094069 -0.331393141 0.0479817457 0.812473151 -0.477245972 0 0 0 0 0 0 0 0 0 
1317623677.21415806 601.06668 204.003364 60.65419 -0.116642123 0.888787132 0.272364616 0.349670653 0 0 0 0 0 0 0 0 0 
1317623677.21415806 601.06668 204.003364 60.65419 -0.116642123 0.888787132 0.272364616 0.349670653 0 0 0 0 0 0 0 0 0 
1317623677.21415806 601.06668 204.003364 60.65419 -0.116642123 0.888787132 0.272364616 0.349670653 0 0 0 0 0 0 0 0 0 
1317623677.21415806 601.06668 204.003364 60.65419 -0.116642123 0.888787132 0.272364616 0.349670653 0 0 0 0 0 0 0 0 0 
1317623677.21415806 601.06668 204.003364 60.65419 -0.116642123 0.888787132 0.272364616 0.349670653 0 0 0 0 0 0 0 0 0 
1317623677.73216295 -295.735965 -8.57512512 564.830854 0.756851281 0.13937798 -0.637994243 -0.026707001 0 0 0 0 0 0 0 0 0 
1317623677.73216295 -295.735965 -8.57512512 564.830854 0.756851281 0.13937798 -0.637994243 -0.026707001 0 0 0 0 0 0 0 0 0 
1317623677.73216295 -295.735965 -8.57512512 564.830854 0.756851281 0.13937798 -0.637994243 -0.026707001 0 0 0 0 0 0 0 0 0 
1317623677.73216295 -295.735965 -8.57512512 564.830854 0.756851281 0.13937798 -0.637994243 -0.026707001 0 0 0 0 0 0 0 0 0 
1317623677.73216295 -295.735965 -8.57512512 564.830854 0.756851281 0.13937798 -0.637994243 -0.026707001 0 0 0 0 0 0 0 0 0 
1317623678.25048304 -28.8287045 -383.936906 508.253351 0.536292926 -0.0958807421 -0.114045009 -0.830777056 0 0 0 0 0 0 0 0 0 
1317623678.25048304 -28.8287045 -383.936906 508.253351 0.536292926 -0.0958807421 -0.114045009 -0.830777056 0 0 0 0 0 0 0 0 0 
1317623678.25048304 -28.8287045 -383.936906 508.253351 0.536292926 -0.0958807421 -0.114045009 -0.830777056 0 0 0 0 0 0 0 0 0 
1317623678.25048304 -28.8287045 -383.936906 508.253351 0.536292926 -0.0958807421 -0.114045009 -0.830777056 0 0 0 0 0 0 0 0 0 
1317623678.25048304 -28.8287045 -383.936906 508.253351 0.536292926 -0.0958807421 -0.114045009 -0.830777056 0 0 0 0 0 0 0 0 0 
1317623678.76867008 -26.0369371 57.034621 634.449011 -0.444521357 -0.414477107 0.047782609 -0.792670369 0 0 0 0 0 0 0 0 0 
1317623678.76867008 -26.0369371 57.034621 634.449011 -0.444521357 -0.414477107 0.047782609 -0.792670369 0 0 0 0 0 0 0 0 0 
1317623678.76867008 -26.0369371 57.034621 634.449011 -0.444521357 -0.414477107 0.047782609 -0.792670369 0 0 0 0 0 0 0 0 0 
1317623678.76867008 -26.0369371 57.034621 634.449011 -0.444521357 -0.414477107 0.047782609 -0.792670369 0 0 0 0 0 0 0 0 0 
1317623678.76867008 -26.0369371 57.034621 634.449011 -0.444521357 -0.414477107 0.047782609 -0.792670369 0 0 0 0 0 0 0 0 0 
1317623679.28675008 -5.61048292 -122.881573 625.565737 0.145380126 -0.393147072 -0.115301226 -0.900558508 0 0 0 0 0 0 0 0 0 
1317623679.28675008 -5.61048292 -122.881573 625.565737 0.145380126 -0.393147072 -0.115301226 -0.900558508 0 0 0 0 0 0 0 0 0 
1317623679.28675008 -5.61048292 -122.881573 625.565737 0.145380126 -0.393147072 -0.115301226 -0.900558508 0 0 0 0 0 0 0 0 0 
1317623679.28675008 -5.61048292 -122.881573 625.565737 0.145380126 -0.393147072 -0.115301226 -0.900558508 0 0 0 0 0 0 0 0 0 
1317623679.28675008 -5.61048292 -122.881573 625.565737 0.145380126 -0.393147072 -0.115301226 -0.900558508 0 0 0 0 0 0 0 0 0 
1317623679.80495691 -390.038675 -135.838071 539.578514 -0.0732037982 -0.385370939 -0.133158818 -0.910164366 0 0 0 0 0 0 0 0 0 
1317623679.80495691 -390.038675 -135.838071 539.578514 -0.0732037982 -0.385370939 -0.133158818 -0.910164366 0 0 0 0 0 0 0 0 0 
1317623679.80495691 -390.038675 -135.838071 539.578514 -0.0732037982 -0.385370939 -0.133158818 -0.910164366 0 0 0 0 0 0 0 0 0 
1317623680.11584306 -427.522 -256.419343 319.995956 0.00748002667 -0.373246306 -0.151141624 -0.9153073 0 0 0 0 0 0 0 0 0 
1317623680.21963692 -452.786667 -314.664019 235.159699 0.0332463205 -0.371015856 -0.162814593 -0.913637414 0 0 0 0 0 0 0 0 0 
1317623680.21963692 -452.786667 -314.664019 235.159699 0.0332463205 -0.371015856 -0.162814593 -0.913637414 0 0 0 0 0 0 0 0 0 
1317623680.42681289 -450.650404 -311.43016 229.757725 0.00270147576 -0.364537578 -0.167975517 -0.915908992 0 0 0 0 0 0 0 0 0 
1317623680.53038192 -470.560225 -280.45801 217.958839 -0.0309535107 -0.367155408 -0.172194168 -0.913557855 0 0 0 0 0 0 0 0 0 
1317623680.63406205 -397.433867 -395.109617 144.154514 0.114319619 -0.351285201 -0.147955124 -0.917408858 0 0 0 0 0 0 0 0 0 
1317623680.73766804 -486.04774 -282.023583 -27.6010866 -0.0615575848 -0.129568253 -0.18045689 -0.973066309 0 0 0 0 0 0 0 0 0 
1317623680.73766804 -486.04774 -282.023583 -27.6010866 -0.0615575848 -0.129568253 -0.18045689 -0.973066309 0 0 0 0 0 0 0 0 0 
1317623680.73766804 -486.04774 -282.023583 -27.6010866 -0.0615575848 -0.129568253 -0.18045689 -0.973066309 0 0 0 0 0 0 0 0 0 
1317623680.73766804 -486.04774 -282.023583 -27.6010866 -0.0615575848 -0.129568253 -0.18045689 -0.973066309 0 0 0 0 0 0 0 0 0 
1317623680.73766804 -486.04774 -282.023583 -27.6010866 -0.0615575848 -0.129568253 -0.18045689 -0.973066309 0 0 0 0 0 0 0 0 0 
