# estimate result
# timestamp tx ty tz qx qy qz qw
343.849890 0.0000 0.0000 0.0000 0.0000 0.0000 0.0000 1.0000
343.954009 0.0719 -0.0048 0.5891 -0.0022 0.0312 0.0005 0.9995
344.057989 0.1742 -0.0087 1.1661 -0.0042 0.0651 0.0006 0.9979
344.162105 0.3190 -0.0133 1.7200 -0.0051 0.1013 0.0011 0.9948
344.266226 0.5162 -0.0178 2.2526 -0.0051 0.1379 0.0018 0.9904
344.370219 0.7331 -0.0196 2.7607 -0.0048 0.1752 0.0021 0.9845
344.474212 0.9933 -0.0198 3.2497 -0.0047 0.2118 0.0031 0.9773
344.578075 1.2937 -0.0172 3.7405 -0.0044 0.2479 0.0040 0.9688
344.681937 1.6301 -0.0157 4.1896 -0.0040 0.2834 0.0055 0.9590
344.785683 1.9931 -0.0163 4.6184 -0.0043 0.3187 0.0066 0.9478
344.889542 2.3856 -0.0166 5.0092 -0.0048 0.3526 0.0077 0.9357
344.993377 2.8164 -0.0127 5.3942 -0.0053 0.3848 0.0098 0.9230
345.096898 3.2705 -0.0056 5.7452 -0.0067 0.4145 0.0104 0.9100
345.200606 3.7383 0.0011 6.0715 -0.0081 0.4422 0.0114 0.8968
345.304056 4.2362 0.0096 6.3568 -0.0086 0.4673 0.0117 0.8840
345.407513 4.7623 0.0146 6.6329 -0.0092 0.4904 0.0119 0.8714
345.511079 5.2862 0.0203 6.8930 -0.0105 0.5113 0.0110 0.8593
345.614480 5.8258 0.0289 7.1366 -0.0112 0.5300 0.0112 0.8479
345.717866 6.3990 0.0327 7.3588 -0.0133 0.5456 0.0103 0.8379
345.821343 6.9849 0.0431 7.5776 -0.0150 0.5607 0.0091 0.8279
345.924791 7.5822 0.0497 7.7743 -0.0168 0.5759 0.0078 0.8173
346.028294 8.2028 0.0585 7.9469 -0.0185 0.5908 0.0054 0.8066
346.131805 8.8311 0.0706 8.1091 -0.0189 0.6055 0.0037 0.7956
346.235421 9.4769 0.0800 8.2434 -0.0189 0.6195 0.0028 0.7847
346.339035 10.1449 0.0889 8.3605 -0.0187 0.6327 0.0018 0.7742
346.442654 10.8272 0.0973 8.4552 -0.0175 0.6450 0.0021 0.7640
346.546268 11.5240 0.1076 8.5403 -0.0162 0.6569 0.0023 0.7538
346.649908 12.2397 0.1155 8.5938 -0.0149 0.6678 0.0032 0.7442
346.753438 12.9800 0.1211 8.6430 -0.0142 0.6784 0.0034 0.7345
346.857011 13.7369 0.1292 8.6656 -0.0120 0.6884 0.0043 0.7252
346.960606 14.5082 0.1356 8.6642 -0.0093 0.6974 0.0062 0.7166
347.064350 15.2970 0.1451 8.6439 -0.0060 0.7061 0.0091 0.7080
347.167832 16.1066 0.1528 8.6045 -0.0047 0.7137 0.0124 0.7003
347.271452 16.9469 0.1591 8.5619 -0.0040 0.7209 0.0157 0.6928
347.375062 17.7848 0.1706 8.5041 -0.0039 0.7273 0.0168 0.6861
347.478594 18.6442 0.1809 8.4349 -0.0037 0.7331 0.0157 0.6799
347.582173 19.5113 0.1934 8.3509 -0.0025 0.7389 0.0139 0.6737
347.685789 20.4243 0.2077 8.2585 -0.0024 0.7449 0.0123 0.6671
347.789423 21.3368 0.2141 8.1453 -0.0035 0.7509 0.0125 0.6603
347.893020 22.2942 0.2202 8.0136 -0.0033 0.7563 0.0142 0.6541
347.996509 23.2170 0.2266 7.8516 -0.0018 0.7608 0.0152 0.6488
348.100125 24.1563 0.2324 7.6828 0.0012 0.7646 0.0156 0.6443
348.203616 25.1039 0.2391 7.5028 0.0040 0.7677 0.0139 0.6407
348.307232 26.0557 0.2432 7.3130 0.0066 0.7704 0.0130 0.6374
348.410848 27.0405 0.2482 7.1206 0.0077 0.7728 0.0128 0.6345
348.514336 28.0418 0.2562 6.9332 0.0068 0.7743 0.0130 0.6326
348.617856 29.0596 0.2635 6.7199 0.0061 0.7754 0.0140 0.6313
348.721316 30.0786 0.2657 6.5097 0.0070 0.7769 0.0149 0.6294
348.824933 31.1089 0.2707 6.2926 0.0064 0.7781 0.0147 0.6279
348.928558 32.1547 0.2743 6.0651 0.0059 0.7788 0.0143 0.6270
349.032039 33.2115 0.2805 5.8217 0.0064 0.7795 0.0146 0.6262
349.135779 34.2760 0.2840 5.5860 0.0068 0.7805 0.0142 0.6250
349.239396 35.3318 0.2864 5.3576 0.0057 0.7815 0.0127 0.6238
349.343012 36.3898 0.2889 5.1338 0.0047 0.7826 0.0123 0.6224
349.446627 37.4574 0.2912 4.8953 0.0035 0.7834 0.0119 0.6214
349.550244 38.5275 0.2964 4.6457 0.0035 0.7843 0.0114 0.6202
349.653859 39.6120 0.2977 4.4075 0.0025 0.7854 0.0110 0.6189
349.757471 40.6970 0.3011 4.1575 0.0012 0.7866 0.0107 0.6173
349.861090 41.7711 0.3055 3.8913 0.0009 0.7873 0.0101 0.6164
349.964707 42.8665 0.3139 3.6250 0.0008 0.7880 0.0096 0.6157
350.068320 43.9527 0.3191 3.3556 0.0001 0.7887 0.0094 0.6147
350.172066 45.0461 0.3234 3.0931 -0.0014 0.7895 0.0100 0.6137
350.275682 46.1552 0.3286 2.8202 -0.0020 0.7904 0.0094 0.6125
350.379425 47.2556 0.3316 2.5389 -0.0022 0.7913 0.0086 0.6114
350.483037 48.3500 0.3380 2.2693 -0.0023 0.7923 0.0077 0.6100
350.586772 49.4470 0.3374 1.9915 -0.0038 0.7932 0.0074 0.6089
350.690408 50.5443 0.3387 1.7005 -0.0038 0.7940 0.0074 0.6079
350.794130 51.6321 0.3429 1.4151 -0.0035 0.7948 0.0074 0.6069
350.897717 52.7242 0.3477 1.1313 -0.0040 0.7955 0.0080 0.6059
351.001912 53.7999 0.3499 0.8431 -0.0053 0.7961 0.0082 0.6051
351.104935 54.8911 0.3555 0.5557 -0.0060 0.7966 0.0080 0.6044
351.208563 55.9545 0.3606 0.2611 -0.0062 0.7971 0.0082 0.6038
351.312084 57.0324 0.3603 -0.0419 -0.0062 0.7975 0.0092 0.6032
351.415740 58.1012 0.3729 -0.3523 -0.0060 0.7978 0.0102 0.6028
351.519370 59.1542 0.3728 -0.6498 -0.0060 0.7982 0.0113 0.6022
351.622990 60.1922 0.3793 -0.9428 -0.0057 0.7987 0.0119 0.6016
351.726669 61.2470 0.3859 -1.2335 -0.0052 0.7993 0.0113 0.6008
351.830282 62.2973 0.3902 -1.5416 -0.0046 0.7997 0.0104 0.6003
351.934116 63.3599 0.3932 -1.8418 -0.0042 0.7999 0.0099 0.6000
352.037516 64.4200 0.3971 -2.1468 -0.0036 0.8000 0.0104 0.5999
352.141256 65.4529 0.3982 -2.4374 -0.0033 0.8000 0.0120 0.5998
352.244879 66.4922 0.4057 -2.7325 -0.0034 0.8001 0.0126 0.5997
352.348910 67.5381 0.4143 -3.0322 -0.0034 0.8001 0.0128 0.5997
352.452511 68.5764 0.4178 -3.3213 -0.0038 0.8002 0.0126 0.5996
352.555863 69.5991 0.4268 -3.6081 -0.0038 0.8002 0.0119 0.5996
352.659483 70.6329 0.4353 -3.9063 -0.0044 0.8003 0.0113 0.5995
352.763069 71.6474 0.4405 -4.1955 -0.0048 0.8003 0.0109 0.5995
352.866814 72.6719 0.4489 -4.4832 -0.0046 0.8003 0.0106 0.5994
352.970455 73.6750 0.4540 -4.7753 -0.0038 0.8004 0.0109 0.5994
353.074046 74.6657 0.4605 -5.0465 -0.0036 0.8006 0.0110 0.5991
353.177533 75.6918 0.4646 -5.3324 -0.0037 0.8009 0.0105 0.5987
353.281148 76.6763 0.4687 -5.6161 -0.0036 0.8013 0.0101 0.5981
353.384891 77.6646 0.4684 -5.9039 -0.0031 0.8020 0.0096 0.5972
353.488506 78.6612 0.4736 -6.1958 -0.0018 0.8025 0.0084 0.5965
353.592120 79.6481 0.4731 -6.4892 -0.0007 0.8033 0.0072 0.5956
353.695872 80.6226 0.4751 -6.7826 0.0009 0.8040 0.0074 0.5946
353.799478 81.5807 0.4779 -7.0801 0.0005 0.8046 0.0074 0.5937
353.903091 82.5063 0.4745 -7.3795 0.0012 0.8053 0.0089 0.5927
354.006711 83.4252 0.4689 -7.6751 0.0012 0.8061 0.0103 0.5917
354.110452 84.3375 0.4720 -7.9567 0.0014 0.8071 0.0103 0.5904
354.214064 85.2221 0.4700 -8.2326 0.0011 0.8082 0.0102 0.5888
354.317804 86.0920 0.4717 -8.5142 0.0020 0.8092 0.0102 0.5874
354.421422 86.9440 0.4656 -8.8077 0.0032 0.8102 0.0108 0.5861
354.525161 87.7726 0.4698 -9.0845 0.0036 0.8109 0.0113 0.5850
354.628775 88.5870 0.4659 -9.3448 0.0051 0.8113 0.0114 0.5845
354.732389 89.3754 0.4626 -9.6147 0.0071 0.8108 0.0121 0.5851
354.836022 90.1509 0.4614 -9.8704 0.0085 0.8101 0.0123 0.5862
354.939517 90.9200 0.4622 -10.1389 0.0092 0.8086 0.0136 0.5881
355.043121 91.6606 0.4545 -10.3598 0.0094 0.8070 0.0160 0.5903
355.146603 92.3890 0.4520 -10.5834 0.0103 0.8044 0.0174 0.5937
355.250219 93.1073 0.4506 -10.8018 0.0111 0.8010 0.0175 0.5982
355.353710 93.8028 0.4517 -10.9731 0.0120 0.7976 0.0172 0.6029
355.457199 94.4840 0.4529 -11.1454 0.0123 0.7933 0.0173 0.6085
355.560814 95.1528 0.4532 -11.3019 0.0123 0.7884 0.0180 0.6148
355.664305 95.7869 0.4511 -11.4375 0.0120 0.7827 0.0190 0.6221
355.767796 96.4048 0.4516 -11.5476 0.0126 0.7753 0.0206 0.6311
355.871154 97.0013 0.4505 -11.6356 0.0139 0.7654 0.0222 0.6430
355.974524 97.5746 0.4483 -11.6952 0.0146 0.7530 0.0230 0.6575
356.077907 98.1313 0.4468 -11.7257 0.0150 0.7379 0.0231 0.6743
356.181133 98.6719 0.4459 -11.7162 0.0150 0.7202 0.0227 0.6932
356.284367 99.1862 0.4475 -11.6679 0.0143 0.7002 0.0211 0.7135
356.387610 99.6841 0.4459 -11.5848 0.0143 0.6775 0.0204 0.7351
356.490974 100.1413 0.4380 -11.4868 0.0140 0.6528 0.0201 0.7572
356.594218 100.5996 0.4343 -11.3509 0.0148 0.6257 0.0216 0.7796
356.697603 101.0534 0.4267 -11.1785 0.0139 0.5966 0.0228 0.8021
356.800948 101.4931 0.4254 -10.9713 0.0134 0.5661 0.0224 0.8239
356.904336 101.9092 0.4232 -10.7163 0.0127 0.5350 0.0194 0.8445
357.008244 102.3058 0.4216 -10.4499 0.0122 0.5031 0.0188 0.8639
357.111306 102.6879 0.4199 -10.1457 0.0105 0.4709 0.0189 0.8819
357.214918 103.0417 0.4227 -9.8111 0.0077 0.4388 0.0185 0.8983
357.318403 103.3665 0.4196 -9.4504 0.0038 0.4064 0.0169 0.9135
357.422246 103.6719 0.4188 -9.0645 0.0009 0.3750 0.0139 0.9269
357.525915 103.9633 0.4159 -8.6579 -0.0007 0.3453 0.0128 0.9384
357.629649 104.2365 0.4121 -8.2343 -0.0003 0.3176 0.0121 0.9481
357.733390 104.4873 0.4064 -7.7946 0.0005 0.2924 0.0115 0.9562
357.837248 104.7265 0.4080 -7.3356 0.0024 0.2699 0.0085 0.9629
357.941170 104.9541 0.4079 -6.8513 0.0038 0.2509 0.0051 0.9680
358.045087 105.1717 0.4082 -6.3485 0.0029 0.2350 -0.0004 0.9720
358.149085 105.3879 0.4052 -5.8257 0.0014 0.2218 -0.0023 0.9751
358.253086 105.6076 0.4003 -5.3037 -0.0003 0.2100 -0.0021 0.9777
358.357057 105.8286 0.3975 -4.7531 -0.0015 0.2000 0.0001 0.9798
358.461048 106.0470 0.3966 -4.1995 -0.0018 0.1912 0.0005 0.9815
358.565052 106.2447 0.3950 -3.6349 -0.0008 0.1841 -0.0008 0.9829
358.668915 106.4280 0.3903 -3.0605 -0.0003 0.1782 -0.0037 0.9840
358.772809 106.6313 0.3876 -2.4684 0.0010 0.1735 -0.0028 0.9848
358.876642 106.8434 0.3865 -1.8675 0.0017 0.1696 -0.0006 0.9855
358.980519 107.0644 0.3854 -1.2407 0.0021 0.1666 0.0002 0.9860
359.084242 107.2870 0.3819 -0.5906 0.0024 0.1651 -0.0000 0.9863
359.188104 107.4846 0.3776 0.0611 0.0032 0.1645 0.0003 0.9864
359.291743 107.7352 0.3782 0.7444 0.0048 0.1618 0.0012 0.9868
359.395459 107.9637 0.3762 1.4439 0.0059 0.1594 0.0040 0.9872
359.499077 108.2021 0.3747 2.1594 0.0073 0.1564 0.0062 0.9877
359.602816 108.4322 0.3719 2.8973 0.0070 0.1535 0.0059 0.9881
359.706695 108.6609 0.3684 3.6544 0.0072 0.1506 0.0054 0.9886
359.810065 108.8891 0.3666 4.4206 0.0079 0.1475 0.0053 0.9890
359.913663 109.1131 0.3595 5.2056 0.0089 0.1452 0.0056 0.9894
360.017407 109.3417 0.3534 6.0154 0.0100 0.1436 0.0046 0.9896
360.121296 109.5839 0.3434 6.8489 0.0106 0.1420 0.0061 0.9898
360.224642 109.8247 0.3334 7.6978 0.0101 0.1410 0.0089 0.9899
360.328379 110.0840 0.3251 8.5609 0.0087 0.1391 0.0099 0.9902
360.431995 110.3322 0.3185 9.4436 0.0076 0.1378 0.0115 0.9904
360.535613 110.5921 0.3168 10.3435 0.0075 0.1359 0.0125 0.9906
360.639397 110.8335 0.3097 11.2625 0.0067 0.1347 0.0102 0.9908
360.742963 111.0853 0.3044 12.2006 0.0047 0.1336 0.0071 0.9910
360.846701 111.3249 0.2998 13.1653 0.0023 0.1333 0.0042 0.9911
360.950466 111.5763 0.2929 14.1323 0.0017 0.1334 0.0020 0.9911
361.054059 111.8419 0.2848 15.0971 0.0043 0.1334 0.0021 0.9911
361.157677 112.0953 0.2768 16.0687 0.0066 0.1338 0.0021 0.9910
361.261444 112.3654 0.2711 17.0527 0.0070 0.1338 0.0041 0.9910
361.365058 112.6407 0.2588 18.0514 0.0058 0.1340 0.0056 0.9909
361.468697 112.9105 0.2496 19.0587 0.0064 0.1343 0.0041 0.9909
361.572406 113.1804 0.2414 20.0760 0.0062 0.1346 0.0024 0.9909
361.675998 113.4583 0.2352 21.0904 0.0063 0.1345 0.0021 0.9909
361.779619 113.7285 0.2221 22.1152 0.0065 0.1344 0.0020 0.9909
361.883234 113.9917 0.2067 23.1254 0.0083 0.1342 0.0036 0.9909
361.986851 114.2779 0.1950 24.1534 0.0096 0.1332 0.0053 0.9910
362.090468 114.5539 0.1821 25.1774 0.0105 0.1321 0.0063 0.9912
362.194207 114.8183 0.1672 26.1997 0.0108 0.1314 0.0059 0.9912
362.297821 115.0786 0.1530 27.2166 0.0086 0.1311 0.0048 0.9913
362.401463 115.3454 0.1453 28.2524 0.0072 0.1311 0.0039 0.9913
362.505051 115.6073 0.1276 29.2893 0.0081 0.1315 0.0027 0.9913
362.608795 115.8813 0.1124 30.3272 0.0099 0.1316 0.0024 0.9913
362.712409 116.1710 0.0961 31.3367 0.0103 0.1315 0.0047 0.9912
362.816152 116.4392 0.0853 32.3748 0.0077 0.1326 0.0078 0.9911
362.919763 116.7220 0.0689 33.4157 0.0047 0.1331 0.0091 0.9910
363.023384 116.9980 0.0546 34.4267 0.0043 0.1335 0.0081 0.9910
363.127121 117.2758 0.0442 35.4340 0.0062 0.1338 0.0072 0.9910
363.230739 117.5389 0.0279 36.4426 0.0075 0.1343 0.0046 0.9909
363.334354 117.8214 0.0149 37.4605 0.0076 0.1347 0.0035 0.9908
363.438083 118.1021 0.0048 38.4892 0.0052 0.1351 0.0037 0.9908
363.541585 118.3724 -0.0081 39.5169 0.0031 0.1356 0.0030 0.9908
363.645199 118.6558 -0.0190 40.5393 0.0041 0.1354 0.0032 0.9908
363.748837 118.9376 -0.0277 41.5645 0.0063 0.1355 0.0039 0.9907
363.852552 119.2214 -0.0364 42.5823 0.0072 0.1359 0.0052 0.9907
363.956169 119.5004 -0.0423 43.6346 0.0053 0.1364 0.0065 0.9906
364.059786 119.7982 -0.0538 44.6799 0.0031 0.1364 0.0079 0.9906
364.163399 120.0953 -0.0628 45.7335 0.0030 0.1364 0.0093 0.9906
364.267142 120.3833 -0.0666 46.7854 0.0045 0.1369 0.0111 0.9905
364.370757 120.6864 -0.0727 47.8381 0.0044 0.1367 0.0125 0.9905
364.474373 120.9686 -0.0824 48.9023 0.0036 0.1374 0.0133 0.9904
364.578127 121.2748 -0.0878 49.9678 0.0040 0.1371 0.0145 0.9904
364.681751 121.5728 -0.0972 51.0435 0.0057 0.1367 0.0147 0.9905
364.785366 121.8691 -0.1050 52.1244 0.0083 0.1367 0.0157 0.9904
364.888849 122.1543 -0.1185 53.2147 0.0091 0.1367 0.0147 0.9905
364.992573 122.4377 -0.1298 54.3078 0.0083 0.1369 0.0131 0.9905
365.096187 122.7320 -0.1416 55.3988 0.0061 0.1371 0.0138 0.9904
365.199806 123.0424 -0.1519 56.5159 0.0042 0.1369 0.0131 0.9905
365.303424 123.3519 -0.1576 57.6400 0.0025 0.1375 0.0134 0.9904
365.407047 123.6667 -0.1656 58.7674 0.0015 0.1379 0.0143 0.9903
365.510648 123.9894 -0.1714 59.8763 0.0033 0.1381 0.0144 0.9903
365.614244 124.3023 -0.1797 61.0065 0.0056 0.1385 0.0142 0.9902
365.717768 124.6216 -0.1867 62.1261 0.0056 0.1385 0.0142 0.9902
365.821533 124.9301 -0.1965 63.2480 0.0052 0.1386 0.0146 0.9902
365.924989 125.2580 -0.2078 64.3719 0.0068 0.1379 0.0141 0.9903
366.028644 125.5778 -0.2168 65.5120 0.0089 0.1374 0.0139 0.9904
366.132222 125.8967 -0.2286 66.6493 0.0098 0.1370 0.0145 0.9904
366.235834 126.2136 -0.2458 67.7824 0.0087 0.1365 0.0148 0.9905
366.339452 126.5177 -0.2631 68.9166 0.0065 0.1361 0.0147 0.9906
366.443063 126.8326 -0.2734 70.0624 0.0050 0.1355 0.0150 0.9907
366.546691 127.1405 -0.2864 71.1921 0.0056 0.1347 0.0133 0.9908
366.650228 127.4438 -0.3006 72.3089 0.0100 0.1342 0.0123 0.9908
366.753786 127.7440 -0.3175 73.4317 0.0143 0.1336 0.0099 0.9909
366.857403 128.0565 -0.3347 74.5416 0.0143 0.1324 0.0097 0.9910
366.960896 128.3458 -0.3529 75.6553 0.0117 0.1319 0.0098 0.9911
367.064502 128.6441 -0.3671 76.7666 0.0090 0.1317 0.0112 0.9912
367.168125 128.9404 -0.3790 77.8862 0.0058 0.1315 0.0112 0.9912
367.271617 129.2391 -0.3942 79.0028 0.0044 0.1315 0.0115 0.9912
367.375234 129.5467 -0.4031 80.1270 0.0051 0.1313 0.0110 0.9913
367.478995 129.8326 -0.4123 81.2465 0.0050 0.1321 0.0109 0.9912
367.582460 130.1305 -0.4211 82.3611 0.0054 0.1326 0.0111 0.9911
367.686200 130.4220 -0.4349 83.4695 0.0083 0.1332 0.0109 0.9910
367.789969 130.7203 -0.4543 84.5764 0.0126 0.1333 0.0096 0.9910
367.893431 131.0131 -0.4675 85.6829 0.0144 0.1337 0.0089 0.9909
367.997449 131.3206 -0.4872 86.7929 0.0118 0.1337 0.0080 0.9909
368.100766 131.6162 -0.5029 87.9059 0.0074 0.1340 0.0053 0.9909
368.204295 131.9070 -0.5145 89.0142 0.0028 0.1349 0.0048 0.9908
368.307978 132.2075 -0.5236 90.1178 -0.0002 0.1357 0.0059 0.9907
368.411570 132.5098 -0.5329 91.2231 -0.0003 0.1361 0.0051 0.9907
368.515218 132.8104 -0.5434 92.2963 0.0051 0.1363 0.0081 0.9906
368.618863 133.1204 -0.5583 93.3605 0.0137 0.1362 0.0114 0.9905
368.722480 133.4287 -0.5743 94.4319 0.0175 0.1359 0.0117 0.9905
368.826098 133.7171 -0.5927 95.5141 0.0144 0.1362 0.0126 0.9905
368.929734 134.0157 -0.6129 96.6039 0.0081 0.1360 0.0135 0.9906
369.033550 134.3231 -0.6260 97.6832 0.0036 0.1358 0.0134 0.9906
369.137076 134.6140 -0.6319 98.7392 0.0000 0.1354 0.0128 0.9907
369.240742 134.9056 -0.6379 99.8134 -0.0022 0.1350 0.0125 0.9908
369.344279 135.1909 -0.6439 100.8719 -0.0008 0.1349 0.0114 0.9908
369.447909 135.4746 -0.6549 101.9406 0.0023 0.1348 0.0088 0.9908
369.551553 135.7693 -0.6622 102.9867 0.0064 0.1349 0.0080 0.9908
369.655271 136.0636 -0.6762 104.0273 0.0093 0.1353 0.0080 0.9907
369.758882 136.3396 -0.6904 105.0312 0.0125 0.1366 0.0076 0.9905
369.862625 136.6414 -0.7052 106.0612 0.0134 0.1373 0.0090 0.9904
369.966242 136.9432 -0.7198 107.0874 0.0111 0.1378 0.0100 0.9904
370.069985 137.2472 -0.7353 108.1242 0.0062 0.1377 0.0104 0.9904
370.173657 137.5252 -0.7460 109.1415 0.0016 0.1376 0.0096 0.9904
370.277214 137.8059 -0.7533 110.1633 -0.0004 0.1370 0.0074 0.9905
370.380848 138.0703 -0.7628 111.1611 0.0008 0.1369 0.0041 0.9906
370.484502 138.3497 -0.7737 112.1516 0.0041 0.1359 0.0026 0.9907
370.588147 138.6189 -0.7874 113.1181 0.0088 0.1348 0.0034 0.9908
370.691676 138.8727 -0.8056 114.0613 0.0113 0.1339 0.0047 0.9909
370.795413 139.1414 -0.8246 115.0134 0.0118 0.1327 0.0073 0.9911
370.899245 139.3996 -0.8430 115.9416 0.0088 0.1314 0.0097 0.9912
371.002647 139.6610 -0.8592 116.8570 0.0065 0.1301 0.0119 0.9914
371.106420 139.8957 -0.8737 117.7466 0.0075 0.1295 0.0129 0.9915
371.210023 140.1173 -0.8828 118.6101 0.0111 0.1292 0.0124 0.9915
371.313643 140.3379 -0.8931 119.4673 0.0133 0.1289 0.0126 0.9915
371.417362 140.5315 -0.9097 120.2934 0.0134 0.1286 0.0102 0.9916
371.520975 140.7337 -0.9242 121.1195 0.0129 0.1282 0.0087 0.9916
371.624717 140.9680 -0.9402 121.9394 0.0133 0.1271 0.0092 0.9918
371.728344 141.1682 -0.9532 122.7338 0.0122 0.1262 0.0072 0.9919
371.832089 141.3480 -0.9657 123.5153 0.0093 0.1258 0.0038 0.9920
371.935686 141.5426 -0.9765 124.2770 0.0053 0.1242 0.0034 0.9922
372.039304 141.7073 -0.9900 124.9932 0.0036 0.1230 0.0038 0.9924
372.143066 141.8742 -1.0003 125.6999 0.0047 0.1221 0.0036 0.9925
372.246653 142.0198 -1.0118 126.3722 0.0067 0.1214 0.0022 0.9926
372.350401 142.1813 -1.0221 127.0267 0.0087 0.1201 0.0034 0.9927
372.454014 142.3388 -1.0283 127.6579 0.0076 0.1184 0.0026 0.9929
372.557756 142.4805 -1.0380 128.2689 0.0045 0.1182 0.0023 0.9930
372.661371 142.6141 -1.0432 128.8496 0.0024 0.1181 -0.0006 0.9930
372.765106 142.7405 -1.0542 129.4221 0.0015 0.1188 -0.0018 0.9929
372.868726 142.8677 -1.0651 129.9719 0.0006 0.1204 -0.0034 0.9927
372.972465 143.0103 -1.0721 130.5076 0.0009 0.1233 -0.0041 0.9924
373.076082 143.1425 -1.0784 131.0204 0.0023 0.1272 -0.0053 0.9919
373.179824 143.2728 -1.0849 131.5229 0.0038 0.1326 -0.0070 0.9911
373.283685 143.4137 -1.0905 131.9962 0.0040 0.1401 -0.0085 0.9901
373.387508 143.5617 -1.0962 132.4489 0.0036 0.1498 -0.0086 0.9887
373.491166 143.7294 -1.1005 132.8910 0.0033 0.1615 -0.0065 0.9868
373.595031 143.9038 -1.1072 133.3131 0.0040 0.1753 -0.0032 0.9845
373.698906 144.0882 -1.1129 133.7096 0.0053 0.1914 -0.0023 0.9815
373.802948 144.2630 -1.1212 134.1236 0.0057 0.2107 -0.0021 0.9775
373.906871 144.4712 -1.1248 134.5090 0.0060 0.2301 -0.0012 0.9732
374.010787 144.7139 -1.1274 134.8777 0.0076 0.2496 0.0026 0.9683
374.114595 144.9646 -1.1311 135.2292 0.0095 0.2697 0.0059 0.9629
374.218593 145.2323 -1.1330 135.5605 0.0116 0.2904 0.0096 0.9568
374.322389 145.5167 -1.1408 135.8788 0.0119 0.3112 0.0117 0.9502
374.426185 145.7996 -1.1504 136.1786 0.0111 0.3319 0.0128 0.9432
374.529981 146.1027 -1.1492 136.4686 0.0108 0.3530 0.0158 0.9354
374.633690 146.4264 -1.1464 136.7447 0.0105 0.3756 0.0177 0.9265
374.737530 146.7660 -1.1504 137.0078 0.0106 0.4001 0.0194 0.9162
374.841173 147.1260 -1.1526 137.2609 0.0102 0.4249 0.0208 0.9050
374.945052 147.5046 -1.1515 137.5064 0.0096 0.4497 0.0220 0.8928
375.048681 147.9044 -1.1560 137.7283 0.0081 0.4748 0.0218 0.8798
375.152292 148.3253 -1.1570 137.9342 0.0073 0.4999 0.0219 0.8657
375.256016 148.7490 -1.1574 138.1170 0.0070 0.5252 0.0198 0.8507
375.359620 149.1967 -1.1531 138.2727 0.0086 0.5498 0.0184 0.8351
375.463236 149.6632 -1.1463 138.4018 0.0108 0.5729 0.0167 0.8194
375.566861 150.1567 -1.1447 138.5394 0.0121 0.5958 0.0156 0.8029
375.670461 150.6522 -1.1443 138.6322 0.0124 0.6175 0.0150 0.7864
375.774550 151.1706 -1.1455 138.6992 0.0110 0.6381 0.0148 0.7697
375.877726 151.7069 -1.1399 138.7457 0.0099 0.6573 0.0154 0.7534
375.981193 152.2494 -1.1349 138.7539 0.0098 0.6753 0.0168 0.7373
376.084805 152.8144 -1.1299 138.7390 0.0100 0.6924 0.0186 0.7212
376.188443 153.3839 -1.1324 138.7141 0.0085 0.7086 0.0193 0.7053
376.292032 153.9615 -1.1331 138.6724 0.0077 0.7229 0.0176 0.6907
376.395525 154.5462 -1.1281 138.6004 0.0093 0.7351 0.0160 0.6777
376.499037 155.1446 -1.1247 138.5110 0.0124 0.7458 0.0160 0.6658
376.602382 155.7482 -1.1193 138.4035 0.0153 0.7549 0.0173 0.6554
376.705869 156.3723 -1.1150 138.2767 0.0170 0.7627 0.0190 0.6462
376.809239 157.0001 -1.1141 138.1354 0.0183 0.7693 0.0210 0.6383
376.912605 157.6526 -1.1130 137.9971 0.0182 0.7751 0.0209 0.6313
377.015966 158.3241 -1.1159 137.8477 0.0183 0.7800 0.0218 0.6251
377.119331 159.0233 -1.1079 137.6718 0.0185 0.7836 0.0229 0.6206
377.222822 159.7248 -1.1000 137.4896 0.0196 0.7864 0.0254 0.6169
377.326188 160.4790 -1.0937 137.2960 0.0195 0.7888 0.0268 0.6137
377.429696 161.2095 -1.0941 137.1155 0.0187 0.7912 0.0265 0.6107
377.533196 161.9765 -1.0864 136.9314 0.0208 0.7942 0.0254 0.6068
377.636792 162.7563 -1.0759 136.7129 0.0239 0.7967 0.0244 0.6035
377.740279 163.5435 -1.0732 136.4852 0.0257 0.7987 0.0216 0.6007
377.843895 164.3642 -1.0724 136.2332 0.0286 0.7999 0.0210 0.5990
377.947384 165.2074 -1.0720 135.9713 0.0305 0.8004 0.0215 0.5983
378.050999 166.0461 -1.0719 135.7236 0.0293 0.8009 0.0229 0.5976
378.154558 166.9512 -1.0632 135.4551 0.0258 0.8011 0.0239 0.5975
378.257978 167.8449 -1.0564 135.1861 0.0226 0.8005 0.0273 0.5982
378.361613 168.7755 -1.0495 134.9158 0.0196 0.8003 0.0288 0.5986
378.465235 169.6881 -1.0427 134.6470 0.0202 0.8002 0.0280 0.5987
378.568835 170.6058 -1.0350 134.3756 0.0242 0.8001 0.0251 0.5989
378.672452 171.5161 -1.0333 134.1009 0.0265 0.8000 0.0233 0.5990
378.776114 172.4508 -1.0348 133.8133 0.0280 0.7997 0.0238 0.5993
378.879739 173.3958 -1.0342 133.5371 0.0274 0.7994 0.0257 0.5996
378.983414 174.3686 -1.0354 133.2584 0.0264 0.7991 0.0263 0.6001
379.086921 175.3478 -1.0339 132.9711 0.0254 0.7982 0.0293 0.6012
379.190543 176.2984 -1.0346 132.6908 0.0244 0.7969 0.0328 0.6027
379.294135 177.2691 -1.0303 132.4209 0.0219 0.7960 0.0331 0.6041
379.397751 178.2360 -1.0308 132.1621 0.0236 0.7950 0.0310 0.6053
379.501360 179.1775 -1.0229 131.9187 0.0259 0.7941 0.0285 0.6066
379.604981 180.1369 -1.0211 131.6674 0.0266 0.7932 0.0273 0.6078
379.708598 181.1051 -1.0200 131.4175 0.0264 0.7925 0.0300 0.6086
379.812209 182.0825 -1.0172 131.1547 0.0243 0.7914 0.0328 0.6099
379.915828 183.0305 -1.0099 130.9097 0.0226 0.7907 0.0338 0.6108
380.019445 184.0276 -0.9995 130.6328 0.0231 0.7902 0.0324 0.6115
380.123078 184.9651 -1.0037 130.4145 0.0252 0.7904 0.0312 0.6113
380.226677 185.9100 -1.0021 130.1693 0.0273 0.7903 0.0295 0.6114
380.330292 186.8568 -0.9979 129.9183 0.0300 0.7902 0.0275 0.6115
380.434029 187.8097 -0.9976 129.6729 0.0313 0.7906 0.0258 0.6110
380.537646 188.7548 -0.9957 129.4357 0.0308 0.7910 0.0287 0.6104
380.641261 189.7099 -0.9966 129.1840 0.0300 0.7912 0.0329 0.6099
380.745000 190.6397 -0.9963 128.9352 0.0291 0.7917 0.0335 0.6093
380.848618 191.5824 -0.9896 128.6932 0.0291 0.7921 0.0321 0.6088
380.952233 192.5062 -0.9903 128.4433 0.0309 0.7923 0.0327 0.6085
381.055847 193.4331 -0.9933 128.1784 0.0323 0.7923 0.0329 0.6084
381.159589 194.3139 -0.9943 127.9530 0.0320 0.7929 0.0313 0.6077
381.263203 195.2272 -0.9929 127.7001 0.0331 0.7926 0.0331 0.6080
381.366817 196.1393 -0.9927 127.4570 0.0330 0.7921 0.0365 0.6084
381.470434 197.0439 -0.9897 127.2231 0.0320 0.7919 0.0371 0.6086
381.574176 197.9691 -0.9864 126.9675 0.0322 0.7914 0.0364 0.6094
381.677791 198.8653 -0.9832 126.7407 0.0322 0.7910 0.0365 0.6099
381.781430 199.7863 -0.9765 126.5074 0.0302 0.7908 0.0371 0.6102
381.885140 200.6689 -0.9760 126.2886 0.0283 0.7906 0.0369 0.6106
381.988759 201.5493 -0.9732 126.0584 0.0284 0.7903 0.0360 0.6110
382.092528 202.4110 -0.9699 125.8288 0.0291 0.7901 0.0358 0.6113
382.196006 203.2474 -0.9706 125.6090 0.0295 0.7898 0.0361 0.6116
382.299606 204.0755 -0.9706 125.3924 0.0295 0.7896 0.0355 0.6118
382.403352 204.8734 -0.9707 125.1872 0.0288 0.7896 0.0349 0.6120
382.507433 205.6624 -0.9679 124.9773 0.0295 0.7893 0.0355 0.6123
382.610751 206.4254 -0.9574 124.7778 0.0284 0.7892 0.0361 0.6124
382.714318 207.1681 -0.9516 124.5999 0.0268 0.7897 0.0355 0.6119
382.818025 207.8841 -0.9487 124.4102 0.0258 0.7904 0.0354 0.6111
382.921671 208.5603 -0.9461 124.2110 0.0259 0.7910 0.0367 0.6101
383.025357 209.2003 -0.9425 124.0290 0.0260 0.7918 0.0381 0.6090
383.129037 209.8114 -0.9402 123.8637 0.0254 0.7928 0.0386 0.6077
383.234652 210.3891 -0.9386 123.7010 0.0254 0.7941 0.0389 0.6061
383.336681 210.9447 -0.9342 123.5351 0.0258 0.7956 0.0384 0.6040
383.440042 211.4596 -0.9286 123.3751 0.0270 0.7974 0.0375 0.6016
383.543745 211.9532 -0.9268 123.2165 0.0285 0.7993 0.0369 0.5991
383.647375 212.4365 -0.9220 123.0661 0.0302 0.8017 0.0367 0.5958
383.751057 212.8965 -0.9185 122.9090 0.0297 0.8046 0.0364 0.5920
383.854738 213.3545 -0.9147 122.7671 0.0281 0.8088 0.0354 0.5863
383.958454 213.7772 -0.9151 122.6147 0.0261 0.8139 0.0343 0.5795
384.062219 214.2139 -0.9106 122.4448 0.0250 0.8198 0.0338 0.5711
384.166281 214.6430 -0.9058 122.2636 0.0247 0.8266 0.0336 0.5612
384.269852 215.0488 -0.9040 122.0710 0.0253 0.8342 0.0342 0.5498
384.375114 215.4492 -0.9006 121.8581 0.0254 0.8425 0.0338 0.5371
384.477140 215.8395 -0.9001 121.6292 0.0244 0.8514 0.0326 0.5230
384.581018 216.2326 -0.8913 121.4091 0.0233 0.8612 0.0304 0.5068
384.684819 216.6082 -0.8811 121.1637 0.0218 0.8713 0.0285 0.4895
384.788563 216.9703 -0.8791 120.8959 0.0193 0.8814 0.0276 0.4712
384.892244 217.3142 -0.8710 120.6195 0.0185 0.8916 0.0263 0.4516
384.996028 217.6340 -0.8644 120.3223 0.0173 0.9015 0.0239 0.4317
385.099801 217.9584 -0.8628 120.0286 0.0139 0.9117 0.0203 0.4102
385.203485 218.2633 -0.8511 119.6984 0.0139 0.9212 0.0185 0.3883
385.307143 218.5416 -0.8381 119.3380 0.0149 0.9301 0.0196 0.3664
385.410840 218.8237 -0.8329 118.9545 0.0157 0.9388 0.0219 0.3433
385.514546 219.1082 -0.8245 118.5604 0.0140 0.9474 0.0236 0.3190
385.618206 219.3637 -0.8204 118.1437 0.0121 0.9552 0.0251 0.2945
385.721825 219.5954 -0.8120 117.7101 0.0108 0.9625 0.0254 0.2698
385.825563 219.8052 -0.8079 117.2583 0.0100 0.9693 0.0253 0.2442
385.929290 219.9958 -0.7980 116.8016 0.0083 0.9757 0.0237 0.2178
386.032888 220.1640 -0.7908 116.3306 0.0073 0.9812 0.0204 0.1916
386.136760 220.3042 -0.7816 115.8587 0.0057 0.9860 0.0163 0.1658
386.240275 220.4108 -0.7742 115.3741 0.0089 0.9900 0.0149 0.1401
386.343762 220.4730 -0.7644 114.8796 0.0146 0.9931 0.0145 0.1154
386.447754 220.5268 -0.7556 114.3757 0.0179 0.9955 0.0145 0.0924
386.550876 220.5669 -0.7494 113.8696 0.0177 0.9972 0.0151 0.0707
386.654604 220.5986 -0.7435 113.3671 0.0156 0.9985 0.0158 0.0498
386.757945 220.6072 -0.7377 112.8621 0.0150 0.9993 0.0163 0.0293
386.861450 220.5823 -0.7280 112.3516 0.0168 0.9997 0.0168 0.0100
386.964933 220.5404 -0.7201 111.8481 0.0192 0.9996 0.0169 -0.0087
387.068421 220.4953 -0.7155 111.3348 0.0182 0.9994 0.0163 -0.0264
387.171908 220.4435 -0.7118 110.8295 0.0157 0.9988 0.0151 -0.0430
387.275469 220.3664 -0.7086 110.3241 0.0157 0.9981 0.0132 -0.0588
387.378892 220.2606 -0.7054 109.8187 0.0183 0.9971 0.0101 -0.0737
387.482382 220.1416 -0.7002 109.3222 0.0198 0.9959 0.0072 -0.0875
387.586022 220.0077 -0.6905 108.8065 0.0200 0.9948 0.0062 -0.1001
387.689386 219.8801 -0.6833 108.2982 0.0193 0.9936 0.0071 -0.1107
387.792852 219.7333 -0.6779 107.7688 0.0214 0.9927 0.0094 -0.1185
387.896243 219.5956 -0.6746 107.2497 0.0235 0.9919 0.0125 -0.1243
387.999585 219.4430 -0.6697 106.7155 0.0241 0.9913 0.0151 -0.1288
388.102949 219.3090 -0.6665 106.2115 0.0224 0.9908 0.0168 -0.1321
388.206442 219.1725 -0.6612 105.7114 0.0222 0.9906 0.0170 -0.1343
388.309808 219.0184 -0.6539 105.1966 0.0267 0.9905 0.0168 -0.1340
388.413047 218.8736 -0.6454 104.6772 0.0306 0.9907 0.0156 -0.1315
388.516412 218.7493 -0.6396 104.1660 0.0322 0.9913 0.0143 -0.1269
388.619655 218.6344 -0.6322 103.6351 0.0318 0.9921 0.0138 -0.1207
388.723017 218.5312 -0.6285 103.1088 0.0323 0.9930 0.0136 -0.1131
388.826258 218.4338 -0.6208 102.5742 0.0338 0.9940 0.0123 -0.1034
388.929649 218.3476 -0.6131 102.0576 0.0358 0.9951 0.0122 -0.0915
389.032988 218.2877 -0.6062 101.5209 0.0350 0.9962 0.0137 -0.0780
389.136232 218.2513 -0.5986 100.9935 0.0336 0.9974 0.0152 -0.0623
389.239599 218.2306 -0.5985 100.4677 0.0327 0.9984 0.0149 -0.0438
389.342836 218.2429 -0.6012 99.9456 0.0310 0.9992 0.0135 -0.0232
389.446202 218.2495 -0.5968 99.4314 0.0289 0.9995 0.0120 0.0003
389.549491 218.3101 -0.5945 98.9406 0.0260 0.9993 0.0108 0.0248
389.652809 218.3976 -0.5908 98.4655 0.0206 0.9984 0.0087 0.0512
389.756752 218.5288 -0.5888 97.9815 0.0137 0.9967 0.0077 0.0792
389.859523 218.6839 -0.5874 97.5165 0.0063 0.9940 0.0079 0.1087
389.962855 218.8550 -0.5882 97.0679 0.0010 0.9903 0.0078 0.1390
390.066139 219.0530 -0.5910 96.6409 -0.0025 0.9854 0.0089 0.1702
390.169806 219.2750 -0.5845 96.2059 -0.0028 0.9793 0.0127 0.2020
390.273014 219.5339 -0.5746 95.7878 -0.0041 0.9721 0.0164 0.2340
390.376748 219.8110 -0.5684 95.3818 -0.0053 0.9639 0.0203 0.2656
390.480103 220.1296 -0.5497 95.0017 -0.0097 0.9549 0.0202 0.2962
390.583598 220.4647 -0.5461 94.6609 -0.0106 0.9447 0.0200 0.3273
390.687325 220.8027 -0.5365 94.3225 -0.0079 0.9331 0.0178 0.3592
390.790712 221.1650 -0.5203 94.0000 -0.0018 0.9204 0.0168 0.3907
390.894376 221.5529 -0.5078 93.7005 0.0030 0.9066 0.0162 0.4217
390.997952 221.9661 -0.4986 93.4410 0.0036 0.8926 0.0164 0.4506
391.101784 222.4018 -0.4980 93.2092 0.0020 0.8790 0.0169 0.4765
391.205359 222.8649 -0.4922 92.9931 -0.0001 0.8660 0.0162 0.4998
391.309155 223.3308 -0.4888 92.7977 -0.0007 0.8535 0.0151 0.5209
391.412898 223.8135 -0.4868 92.6097 0.0001 0.8415 0.0145 0.5400
391.516822 224.3078 -0.4810 92.4355 0.0009 0.8308 0.0127 0.5564
391.620724 224.8142 -0.4765 92.2701 0.0010 0.8216 0.0105 0.5700
391.724616 225.3264 -0.4751 92.1268 -0.0005 0.8142 0.0079 0.5806
391.828641 225.8677 -0.4708 92.0008 -0.0019 0.8088 0.0051 0.5881
391.932715 226.4064 -0.4685 91.8493 -0.0024 0.8043 0.0035 0.5941
392.036691 226.9818 -0.4685 91.7135 -0.0016 0.8008 0.0031 0.5989
392.140655 227.5327 -0.4668 91.5469 -0.0001 0.7976 0.0028 0.6032
392.244685 228.1355 -0.4637 91.3920 -0.0002 0.7959 0.0020 0.6054
392.348665 228.7611 -0.4572 91.2238 -0.0005 0.7948 0.0014 0.6068
392.452842 229.3812 -0.4541 91.0548 -0.0010 0.7944 0.0011 0.6074
392.556571 230.0145 -0.4560 90.8629 -0.0007 0.7944 0.0021 0.6073
392.660403 230.6774 -0.4529 90.6856 0.0001 0.7948 0.0025 0.6069
392.764288 231.3666 -0.4512 90.4881 0.0017 0.7950 0.0026 0.6067
392.868010 232.0792 -0.4528 90.2961 0.0037 0.7953 0.0028 0.6062
392.971748 232.7947 -0.4607 90.0930 0.0042 0.7954 0.0028 0.6061
393.075491 233.5365 -0.4594 89.8778 0.0042 0.7953 0.0023 0.6062
393.179231 234.3171 -0.4573 89.6668 0.0040 0.7955 0.0021 0.6060
393.282993 235.1137 -0.4579 89.4481 0.0045 0.7955 0.0031 0.6060
393.386712 235.8926 -0.4558 89.2403 0.0061 0.7957 0.0040 0.6057
393.490325 236.7125 -0.4560 89.0143 0.0069 0.7956 0.0040 0.6058
393.594065 237.5506 -0.4573 88.7923 0.0079 0.7954 0.0045 0.6060
393.697682 238.4087 -0.4571 88.5670 0.0080 0.7948 0.0053 0.6068
393.801365 239.2832 -0.4548 88.3385 0.0083 0.7940 0.0065 0.6078
393.904915 240.1619 -0.4536 88.1032 0.0085 0.7930 0.0074 0.6092
394.008556 241.0588 -0.4576 87.8739 0.0090 0.7920 0.0063 0.6104
394.112152 241.9701 -0.4592 87.6591 0.0101 0.7911 0.0038 0.6116
394.215890 242.8832 -0.4668 87.4426 0.0116 0.7905 0.0028 0.6124
394.319510 243.8403 -0.4695 87.2039 0.0112 0.7900 0.0041 0.6130
394.423248 244.8100 -0.4742 86.9575 0.0103 0.7894 0.0071 0.6138
394.526953 245.7864 -0.4782 86.7269 0.0096 0.7892 0.0099 0.6140
394.630604 246.7924 -0.4774 86.4707 0.0106 0.7888 0.0110 0.6144
394.734216 247.7938 -0.4799 86.2353 0.0108 0.7887 0.0102 0.6146
394.837876 248.8280 -0.4801 85.9736 0.0111 0.7884 0.0088 0.6150
394.941595 249.8783 -0.4848 85.7194 0.0110 0.7885 0.0080 0.6149
395.045212 250.9221 -0.4906 85.4717 0.0095 0.7887 0.0071 0.6147
395.148949 251.9833 -0.4965 85.2130 0.0085 0.7890 0.0054 0.6143
395.252545 253.0568 -0.5032 84.9559 0.0083 0.7891 0.0047 0.6142
395.356287 254.0774 -0.5097 84.6853 0.0074 0.7892 0.0038 0.6141
395.459913 255.1324 -0.5189 84.4311 0.0074 0.7896 0.0038 0.6135
395.563513 256.1789 -0.5245 84.1595 0.0082 0.7897 0.0042 0.6135
395.667276 257.2321 -0.5253 83.8815 0.0094 0.7897 0.0058 0.6134
395.770879 258.2717 -0.5330 83.6147 0.0124 0.7897 0.0091 0.6133
395.874549 259.2961 -0.5388 83.3474 0.0131 0.7896 0.0094 0.6134
395.978241 260.3575 -0.5424 83.0717 0.0148 0.7891 0.0105 0.6141
396.081806 261.4055 -0.5570 82.8099 0.0150 0.7881 0.0126 0.6152
396.185335 262.4515 -0.5618 82.5366 0.0125 0.7869 0.0133 0.6168
396.289230 263.4980 -0.5633 82.2724 0.0110 0.7858 0.0135 0.6183
396.392586 264.5351 -0.5687 82.0365 0.0095 0.7847 0.0119 0.6197
396.496476 265.5656 -0.5730 81.8126 0.0095 0.7844 0.0092 0.6201
396.599918 266.5665 -0.5780 81.5808 0.0097 0.7839 0.0074 0.6207
396.703583 267.5867 -0.5828 81.3444 0.0095 0.7834 0.0066 0.6214
396.807274 268.5842 -0.5838 81.1278 0.0082 0.7831 0.0064 0.6218
396.910983 269.5896 -0.5946 80.9095 0.0054 0.7829 0.0074 0.6221
397.014398 270.5715 -0.5975 80.6985 0.0031 0.7827 0.0066 0.6224
397.118084 271.5286 -0.6050 80.4929 0.0013 0.7825 0.0055 0.6226
397.221625 272.4889 -0.6099 80.2953 -0.0006 0.7823 0.0029 0.6228
397.325266 273.4408 -0.6031 80.0780 -0.0020 0.7822 0.0015 0.6230
397.428839 274.3595 -0.6111 79.8796 -0.0034 0.7822 0.0003 0.6230
397.532454 275.2557 -0.6177 79.6910 -0.0051 0.7823 -0.0010 0.6229
397.636151 276.1467 -0.6228 79.4931 -0.0059 0.7824 -0.0017 0.6228
397.739809 277.0182 -0.6288 79.2939 -0.0068 0.7824 -0.0008 0.6227
397.843420 277.8839 -0.6342 79.0870 -0.0072 0.7822 -0.0001 0.6230
397.947058 278.7053 -0.6361 78.9052 -0.0079 0.7822 -0.0009 0.6229
398.050655 279.4981 -0.6421 78.7308 -0.0077 0.7823 -0.0014 0.6229
398.154398 280.2784 -0.6476 78.5525 -0.0063 0.7821 -0.0010 0.6231
398.258025 281.0185 -0.6505 78.3854 -0.0062 0.7819 -0.0011 0.6234
398.361651 281.7260 -0.6532 78.2327 -0.0065 0.7819 -0.0008 0.6234
398.465386 282.4427 -0.6589 78.0640 -0.0070 0.7819 -0.0014 0.6233
398.568987 283.1219 -0.6639 77.9128 -0.0076 0.7823 -0.0016 0.6228
398.672735 283.7666 -0.6669 77.7617 -0.0080 0.7830 -0.0008 0.6220
398.776468 284.3721 -0.6708 77.6135 -0.0084 0.7839 0.0000 0.6208
398.880208 284.9481 -0.6753 77.4741 -0.0094 0.7852 0.0005 0.6191
398.983844 285.4988 -0.6786 77.3392 -0.0098 0.7869 0.0012 0.6170
399.087565 286.0181 -0.6802 77.2025 -0.0100 0.7888 0.0015 0.6146
399.191323 286.5152 -0.6801 77.0565 -0.0093 0.7908 0.0017 0.6120
399.294919 286.9588 -0.6815 76.9279 -0.0079 0.7932 0.0015 0.6089
399.398679 287.3754 -0.6847 76.8104 -0.0068 0.7959 0.0012 0.6054
399.502271 287.7563 -0.6885 76.7025 -0.0060 0.7988 0.0007 0.6016
399.605890 288.1052 -0.6922 76.5948 -0.0058 0.8016 0.0005 0.5979
399.709527 288.4368 -0.6932 76.4776 -0.0053 0.8042 0.0003 0.5943
399.813244 288.7167 -0.6961 76.3712 -0.0028 0.8069 -0.0012 0.5906
399.916865 288.9917 -0.7028 76.2614 -0.0002 0.8097 -0.0027 0.5869
400.020478 289.2431 -0.7089 76.1706 0.0012 0.8128 -0.0029 0.5825
400.124237 289.4787 -0.7118 76.0772 0.0015 0.8158 -0.0027 0.5783
400.227835 289.6999 -0.7124 75.9881 0.0022 0.8190 -0.0033 0.5738
400.331573 289.9132 -0.7182 75.8980 0.0035 0.8225 -0.0042 0.5687
400.435190 290.1275 -0.7235 75.7996 0.0045 0.8265 -0.0055 0.5629
400.538929 290.3304 -0.7241 75.6991 0.0058 0.8311 -0.0066 0.5561
400.642668 290.5365 -0.7249 75.5935 0.0064 0.8361 -0.0074 0.5484
400.746287 290.7375 -0.7301 75.4812 0.0063 0.8414 -0.0077 0.5403
400.850028 290.9302 -0.7317 75.3676 0.0069 0.8467 -0.0064 0.5319
400.953643 291.1201 -0.7371 75.2531 0.0065 0.8524 -0.0040 0.5228
401.057257 291.3124 -0.7427 75.1310 0.0059 0.8583 -0.0021 0.5130
401.160868 291.4931 -0.7456 75.0121 0.0054 0.8643 -0.0028 0.5030
401.264632 291.6726 -0.7481 74.8797 0.0072 0.8711 -0.0051 0.4911
401.368355 291.8676 -0.7508 74.7271 0.0099 0.8783 -0.0067 0.4779
401.472051 292.0715 -0.7541 74.5572 0.0121 0.8860 -0.0060 0.4635
401.575728 292.2994 -0.7557 74.3427 0.0143 0.8940 -0.0029 0.4478
401.679507 292.5322 -0.7529 74.1197 0.0142 0.9028 -0.0004 0.4298
401.783185 292.7672 -0.7585 73.8866 0.0124 0.9119 0.0027 0.4102
401.887055 292.9982 -0.7591 73.6257 0.0099 0.9211 0.0044 0.3892
401.990796 293.2396 -0.7572 73.3490 0.0079 0.9305 0.0054 0.3662
402.094595 293.4597 -0.7582 73.0355 0.0072 0.9395 0.0072 0.3423
402.198274 293.6755 -0.7618 72.6873 0.0078 0.9483 0.0094 0.3170
402.302140 293.8674 -0.7618 72.3418 0.0091 0.9571 0.0103 0.2895
402.405946 294.0380 -0.7578 71.9686 0.0096 0.9653 0.0096 0.2607
402.509623 294.1987 -0.7507 71.5663 0.0110 0.9731 0.0074 0.2299
402.613364 294.3408 -0.7488 71.1424 0.0101 0.9802 0.0054 0.1978
402.717102 294.4608 -0.7419 70.6869 0.0095 0.9862 0.0046 0.1653
402.820717 294.5411 -0.7348 70.2099 0.0101 0.9911 0.0055 0.1326
402.924333 294.6060 -0.7387 69.7129 0.0114 0.9949 0.0074 0.1000
403.027952 294.6231 -0.7397 69.2017 0.0136 0.9975 0.0090 0.0687
403.131563 294.6291 -0.7371 68.6530 0.0141 0.9991 0.0092 0.0383
403.235056 294.5951 -0.7370 68.1100 0.0133 0.9998 0.0081 0.0090
403.338673 294.5458 -0.7261 67.5253 0.0126 0.9997 0.0067 -0.0192
403.442164 294.4659 -0.7220 66.9279 0.0117 0.9989 0.0071 -0.0455
403.545652 294.3424 -0.7139 66.3113 0.0114 0.9975 0.0079 -0.0694
403.649144 294.1936 -0.7068 65.6686 0.0127 0.9959 0.0082 -0.0895
403.752508 294.0237 -0.6972 65.0216 0.0149 0.9942 0.0083 -0.1059
403.855753 293.8404 -0.6859 64.3451 0.0167 0.9928 0.0080 -0.1185
403.958998 293.6416 -0.6744 63.6498 0.0187 0.9916 0.0078 -0.1274
404.062231 293.4421 -0.6653 62.9445 0.0195 0.9908 0.0076 -0.1333
404.165347 293.2283 -0.6622 62.2259 0.0202 0.9904 0.0073 -0.1367
404.268588 293.0105 -0.6527 61.4654 0.0204 0.9902 0.0064 -0.1383
404.371830 292.7786 -0.6426 60.6881 0.0203 0.9901 0.0059 -0.1389
404.475069 292.5496 -0.6358 59.8941 0.0203 0.9900 0.0061 -0.1393
404.578454 292.3332 -0.6247 59.0577 0.0200 0.9900 0.0069 -0.1396
404.681800 292.0841 -0.6178 58.2192 0.0209 0.9900 0.0085 -0.1391
404.785164 291.8385 -0.6030 57.3640 0.0208 0.9901 0.0093 -0.1383
404.888655 291.5939 -0.5916 56.4923 0.0211 0.9903 0.0086 -0.1374
404.992168 291.3430 -0.5812 55.5869 0.0212 0.9905 0.0066 -0.1359
405.095638 291.0886 -0.5756 54.6332 0.0213 0.9907 0.0033 -0.1343
405.199303 290.8320 -0.5670 53.6937 0.0195 0.9910 0.0007 -0.1328
405.302871 290.5846 -0.5580 52.7397 0.0183 0.9911 0.0009 -0.1320
405.406482 290.3320 -0.5568 51.7478 0.0183 0.9911 0.0053 -0.1316
405.510096 290.0650 -0.5454 50.7156 0.0193 0.9911 0.0096 -0.1315
405.613719 289.7876 -0.5380 49.6905 0.0211 0.9911 0.0103 -0.1311
405.717337 289.5042 -0.5215 48.6413 0.0223 0.9912 0.0066 -0.1305
405.820964 289.2253 -0.5094 47.5922 0.0226 0.9912 0.0022 -0.1300
405.924558 288.9367 -0.5082 46.5206 0.0228 0.9913 -0.0002 -0.1295
406.028300 288.6546 -0.5056 45.4301 0.0218 0.9914 0.0002 -0.1291
406.131922 288.3610 -0.5036 44.3227 0.0213 0.9914 0.0038 -0.1288
406.235531 288.0758 -0.4947 43.1956 0.0214 0.9915 0.0083 -0.1283
406.339296 287.7835 -0.4839 42.0522 0.0216 0.9915 0.0105 -0.1282
406.442884 287.4830 -0.4745 40.9440 0.0222 0.9915 0.0094 -0.1280
406.546642 287.1818 -0.4651 39.8009 0.0225 0.9916 0.0067 -0.1275
406.650241 286.8902 -0.4565 38.6555 0.0230 0.9916 0.0042 -0.1273
406.754003 286.5846 -0.4501 37.4857 0.0224 0.9917 0.0032 -0.1267
406.857602 286.2869 -0.4478 36.3074 0.0229 0.9917 0.0044 -0.1265
406.961371 285.9978 -0.4475 35.1169 0.0229 0.9917 0.0070 -0.1266
407.065524 285.6782 -0.4386 33.9415 0.0235 0.9917 0.0060 -0.1260
407.168581 285.3731 -0.4374 32.7658 0.0239 0.9918 0.0037 -0.1256
407.272311 285.0868 -0.4360 31.5873 0.0235 0.9918 0.0020 -0.1255
407.376014 284.7941 -0.4358 30.3963 0.0228 0.9919 0.0019 -0.1251
407.479699 284.4898 -0.4393 29.1943 0.0219 0.9919 0.0032 -0.1250
407.583285 284.1958 -0.4359 28.0083 0.0215 0.9919 0.0054 -0.1251
407.687031 283.9197 -0.4306 26.8230 0.0199 0.9918 0.0076 -0.1259
407.790639 283.6336 -0.4217 25.6268 0.0195 0.9917 0.0081 -0.1269
407.894249 283.3228 -0.4116 24.4008 0.0201 0.9916 0.0073 -0.1276
407.997865 283.0044 -0.4059 23.1991 0.0197 0.9916 0.0052 -0.1280
408.101526 282.6670 -0.4072 22.0111 0.0198 0.9915 0.0029 -0.1282
408.205128 282.3349 -0.4084 20.8040 0.0197 0.9915 0.0018 -0.1285
408.308862 282.0234 -0.4082 19.5889 0.0193 0.9914 0.0027 -0.1293
408.412457 281.7027 -0.4088 18.3652 0.0186 0.9914 0.0046 -0.1295
408.516071 281.3816 -0.4058 17.1478 0.0181 0.9914 0.0059 -0.1296
408.619812 281.0735 -0.4011 15.9194 0.0173 0.9913 0.0084 -0.1301
408.723534 280.7727 -0.3927 14.7063 0.0165 0.9912 0.0109 -0.1305
408.827166 280.4184 -0.3811 13.4820 0.0142 0.9914 0.0101 -0.1300
408.930809 280.1030 -0.3780 12.2576 0.0123 0.9914 0.0078 -0.1301
409.034400 279.7866 -0.3748 11.0388 0.0101 0.9914 0.0058 -0.1300
409.138140 279.4582 -0.3758 9.8319 0.0083 0.9915 0.0048 -0.1298
409.241773 279.1478 -0.3700 8.6068 0.0073 0.9915 0.0045 -0.1298
409.345370 278.8204 -0.3726 7.4104 0.0073 0.9915 0.0063 -0.1294
409.449008 278.4963 -0.3712 6.1878 0.0081 0.9916 0.0079 -0.1292
409.552601 278.2038 -0.3647 4.9426 0.0081 0.9915 0.0086 -0.1293
409.656218 277.8776 -0.3615 3.6960 0.0092 0.9916 0.0088 -0.1290
409.759977 277.5773 -0.3514 2.4589 0.0093 0.9916 0.0090 -0.1290
409.863722 277.2761 -0.3478 1.2194 0.0094 0.9916 0.0087 -0.1289
409.967490 276.9530 -0.3369 -0.0050 0.0090 0.9917 0.0088 -0.1281
410.070924 276.6269 -0.3310 -1.2415 0.0098 0.9917 0.0090 -0.1278
410.174672 276.3100 -0.3278 -2.4663 0.0088 0.9918 0.0078 -0.1276
410.278391 275.9874 -0.3271 -3.6536 0.0077 0.9918 0.0056 -0.1273
410.382022 275.6597 -0.3214 -4.8823 0.0089 0.9918 0.0060 -0.1271
410.485641 275.3655 -0.3202 -6.0885 0.0080 0.9918 0.0078 -0.1276
410.589383 275.0576 -0.3196 -7.3012 0.0089 0.9917 0.0095 -0.1281
410.692996 274.7196 -0.3225 -8.4415 0.0090 0.9917 0.0108 -0.1279
410.796700 274.4076 -0.3162 -9.6826 0.0093 0.9917 0.0112 -0.1281
410.900370 274.1232 -0.3130 -10.9370 0.0110 0.9916 0.0102 -0.1284
411.004006 273.7988 -0.3066 -12.1540 0.0119 0.9916 0.0088 -0.1282
411.107605 273.4972 -0.3017 -13.3524 0.0129 0.9916 0.0079 -0.1284
411.211203 273.1907 -0.2977 -14.5597 0.0138 0.9916 0.0083 -0.1282
411.314817 272.8653 -0.2911 -15.7782 0.0154 0.9916 0.0098 -0.1277
411.418430 272.5354 -0.2797 -16.9875 0.0177 0.9917 0.0113 -0.1270
411.522045 272.2244 -0.2746 -18.1711 0.0195 0.9917 0.0103 -0.1264
411.625789 271.9042 -0.2678 -19.3718 0.0208 0.9918 0.0080 -0.1258
411.729401 271.6310 -0.2657 -20.5194 0.0218 0.9918 0.0073 -0.1258
411.833039 271.3212 -0.2590 -21.6715 0.0226 0.9918 0.0078 -0.1252
411.936664 271.0180 -0.2537 -22.8225 0.0241 0.9918 0.0093 -0.1248
412.040249 270.7399 -0.2493 -23.9713 0.0259 0.9918 0.0112 -0.1246
412.143988 270.4614 -0.2430 -25.1169 0.0271 0.9918 0.0122 -0.1244
412.247607 270.1806 -0.2330 -26.2363 0.0280 0.9918 0.0116 -0.1240
412.351344 269.9162 -0.2248 -27.3461 0.0281 0.9919 0.0104 -0.1238
412.454973 269.6543 -0.2162 -28.4166 0.0271 0.9919 0.0091 -0.1236
412.558713 269.4025 -0.2115 -29.4704 0.0266 0.9919 0.0079 -0.1237
412.662315 269.1421 -0.2083 -30.5220 0.0261 0.9919 0.0078 -0.1239
412.766055 268.8856 -0.2058 -31.5458 0.0252 0.9918 0.0085 -0.1247
412.869672 268.6249 -0.1959 -32.5671 0.0241 0.9918 0.0085 -0.1255
412.973416 268.3703 -0.1934 -33.5676 0.0242 0.9916 0.0075 -0.1267
413.077038 268.1067 -0.1861 -34.5469 0.0248 0.9915 0.0073 -0.1278
413.180648 267.8418 -0.1853 -35.5190 0.0249 0.9913 0.0078 -0.1290
413.284381 267.5990 -0.1812 -36.4617 0.0258 0.9911 0.0080 -0.1305
413.388006 267.3560 -0.1772 -37.3926 0.0265 0.9909 0.0081 -0.1316
413.491600 267.1062 -0.1728 -38.3120 0.0270 0.9908 0.0085 -0.1327
413.595230 266.8754 -0.1738 -39.2001 0.0287 0.9905 0.0096 -0.1342
413.698993 266.6399 -0.1711 -40.0434 0.0286 0.9904 0.0109 -0.1351
413.802577 266.4021 -0.1680 -40.8851 0.0286 0.9902 0.0114 -0.1361
413.906355 266.1894 -0.1652 -41.6802 0.0281 0.9901 0.0103 -0.1373
414.010139 265.9667 -0.1634 -42.4641 0.0270 0.9900 0.0077 -0.1383
414.113787 265.7344 -0.1577 -43.2515 0.0263 0.9899 0.0060 -0.1389
414.217234 265.5294 -0.1554 -43.9969 0.0261 0.9898 0.0067 -0.1398
414.321008 265.3258 -0.1518 -44.7322 0.0258 0.9897 0.0087 -0.1405
414.424776 265.1207 -0.1517 -45.4340 0.0257 0.9897 0.0094 -0.1407
414.528212 264.9301 -0.1512 -46.1039 0.0244 0.9898 0.0081 -0.1398
414.631775 264.7515 -0.1525 -46.7435 0.0235 0.9902 0.0065 -0.1376
414.735545 264.5872 -0.1503 -47.3470 0.0227 0.9906 0.0057 -0.1347
414.838863 264.4349 -0.1498 -47.9383 0.0205 0.9911 0.0059 -0.1312
414.942362 264.2879 -0.1505 -48.4981 0.0185 0.9917 0.0062 -0.1271
415.045971 264.1661 -0.1497 -49.0529 0.0172 0.9924 0.0066 -0.1214
415.149496 264.0500 -0.1445 -49.6100 0.0181 0.9934 0.0070 -0.1131
415.252945 263.9523 -0.1420 -50.1062 0.0186 0.9945 0.0065 -0.1026
415.356344 263.8878 -0.1425 -50.6096 0.0199 0.9958 0.0063 -0.0888
415.459555 263.8384 -0.1464 -51.0961 0.0202 0.9973 0.0068 -0.0700
415.562856 263.8119 -0.1484 -51.5937 0.0200 0.9987 0.0082 -0.0471
415.666032 263.8285 -0.1475 -52.0844 0.0205 0.9995 0.0094 -0.0210
415.769149 263.8807 -0.1467 -52.5713 0.0209 0.9997 0.0111 0.0088
415.872266 263.9670 -0.1437 -53.0524 0.0210 0.9988 0.0133 0.0414
415.975506 264.0765 -0.1455 -53.5176 0.0198 0.9968 0.0160 0.0759
416.078998 264.2216 -0.1403 -53.9707 0.0179 0.9935 0.0188 0.1112
416.182077 264.4022 -0.1370 -54.4097 0.0168 0.9889 0.0212 0.1464
416.285414 264.6129 -0.1339 -54.8322 0.0163 0.9830 0.0219 0.1818
416.388769 264.8397 -0.1347 -55.2451 0.0181 0.9753 0.0236 0.2187
416.492196 265.1043 -0.1287 -55.6450 0.0179 0.9659 0.0241 0.2570
416.595471 265.4215 -0.1203 -56.0024 0.0166 0.9552 0.0236 0.2946
416.698946 265.7776 -0.1121 -56.3603 0.0142 0.9427 0.0241 0.3325
416.802379 266.1454 -0.1034 -56.7038 0.0178 0.9283 0.0261 0.3706
416.905823 266.5335 -0.0998 -57.0257 0.0233 0.9119 0.0261 0.4088
417.009315 266.9538 -0.1017 -57.2967 0.0263 0.8941 0.0238 0.4465
417.112928 267.4037 -0.1029 -57.5205 0.0283 0.8750 0.0196 0.4829
417.216536 267.8870 -0.1008 -57.7366 0.0295 0.8552 0.0160 0.5172
417.320283 268.3901 -0.0962 -57.9095 0.0313 0.8358 0.0140 0.5480
417.424127 268.9271 -0.0967 -58.0535 0.0293 0.8175 0.0131 0.5750
417.528117 269.4815 -0.1055 -58.1780 0.0255 0.8010 0.0150 0.5980
417.632108 270.0460 -0.1154 -58.2752 0.0212 0.7867 0.0158 0.6168
417.736291 270.6167 -0.1209 -58.3653 0.0201 0.7748 0.0151 0.6317
417.840463 271.2003 -0.1211 -58.4330 0.0194 0.7654 0.0114 0.6432
417.944664 271.8054 -0.1279 -58.5000 0.0170 0.7584 0.0105 0.6515
418.048942 272.4214 -0.1264 -58.5672 0.0141 0.7537 0.0117 0.6569
418.153188 273.0590 -0.1291 -58.6344 0.0119 0.7512 0.0129 0.6599
418.257428 273.6967 -0.1364 -58.7026 0.0111 0.7505 0.0134 0.6606
418.361663 274.3510 -0.1402 -58.7706 0.0123 0.7504 0.0107 0.6608
418.465755 275.0037 -0.1407 -58.8426 0.0167 0.7505 0.0070 0.6607
418.569839 275.6843 -0.1401 -58.9412 0.0210 0.7505 0.0052 0.6606
418.673777 276.4006 -0.1432 -59.0417 0.0229 0.7506 0.0061 0.6604
418.777802 277.1415 -0.1539 -59.1513 0.0227 0.7507 0.0086 0.6602
418.881620 277.8980 -0.1582 -59.2485 0.0214 0.7517 0.0080 0.6592
418.985591 278.6794 -0.1648 -59.3504 0.0196 0.7532 0.0073 0.6574
419.089407 279.4635 -0.1704 -59.4585 0.0174 0.7553 0.0054 0.6551
419.193427 280.2724 -0.1762 -59.5812 0.0149 0.7577 0.0022 0.6524
419.297145 281.1001 -0.1802 -59.7063 0.0133 0.7609 0.0005 0.6487
419.400948 281.9355 -0.1919 -59.8471 0.0106 0.7642 0.0005 0.6449
419.504690 282.7899 -0.1960 -60.0031 0.0070 0.7675 0.0003 0.6410
419.608481 283.6612 -0.2020 -60.1534 0.0048 0.7710 0.0006 0.6368
419.712190 284.5376 -0.2083 -60.3312 0.0041 0.7740 -0.0006 0.6331
419.815923 285.4437 -0.2125 -60.5185 0.0059 0.7770 -0.0003 0.6295
419.919527 286.3613 -0.2184 -60.7207 0.0063 0.7793 0.0012 0.6266
420.023141 287.3005 -0.2211 -60.9283 0.0061 0.7810 0.0030 0.6245
420.126876 288.2540 -0.2271 -61.1548 0.0051 0.7817 0.0057 0.6236
420.230495 289.2158 -0.2278 -61.3731 0.0050 0.7823 0.0073 0.6228
420.334115 290.1909 -0.2318 -61.5923 0.0048 0.7828 0.0074 0.6222
420.437732 291.1713 -0.2325 -61.8121 0.0042 0.7832 0.0048 0.6217
420.541471 292.1605 -0.2335 -62.0367 0.0047 0.7836 0.0027 0.6213
420.645086 293.1710 -0.2387 -62.2681 0.0047 0.7838 0.0018 0.6209
420.748723 294.1850 -0.2429 -62.5142 0.0045 0.7842 0.0011 0.6205
420.852441 295.2042 -0.2488 -62.7520 0.0046 0.7847 0.0019 0.6198
420.956058 296.2487 -0.2524 -63.0068 0.0045 0.7851 0.0018 0.6193
421.059697 297.2889 -0.2591 -63.2467 0.0026 0.7859 0.0014 0.6184
421.163289 298.3535 -0.2636 -63.4972 0.0014 0.7867 0.0011 0.6174
421.266904 299.4068 -0.2699 -63.7503 0.0015 0.7874 0.0019 0.6165
421.370535 300.4435 -0.2773 -64.0093 0.0009 0.7874 0.0013 0.6164
421.474129 301.4814 -0.2809 -64.2390 0.0018 0.7876 0.0005 0.6161
421.577764 302.5184 -0.2895 -64.4996 0.0021 0.7874 0.0006 0.6164
421.681359 303.5735 -0.2988 -64.7569 0.0005 0.7873 0.0022 0.6166
421.784975 304.6377 -0.3011 -65.0213 -0.0006 0.7870 0.0036 0.6169
421.888593 305.7019 -0.2992 -65.2714 -0.0022 0.7870 0.0021 0.6170
421.992220 306.7695 -0.3002 -65.5287 -0.0016 0.7867 0.0015 0.6174
422.095948 307.8226 -0.3080 -65.7937 0.0010 0.7860 0.0008 0.6182
422.199565 308.8700 -0.3115 -66.0438 0.0014 0.7853 -0.0007 0.6191
422.303179 309.9594 -0.3195 -66.2772 0.0004 0.7852 0.0006 0.6193
422.406795 311.0125 -0.3286 -66.5245 0.0003 0.7849 0.0013 0.6196
422.510407 312.0604 -0.3358 -66.7578 0.0006 0.7847 0.0002 0.6199
422.614169 313.1215 -0.3292 -67.0134 0.0003 0.7844 -0.0008 0.6202
422.717765 314.1740 -0.3365 -67.2509 -0.0004 0.7845 -0.0009 0.6201
422.821524 315.2349 -0.3477 -67.4898 -0.0021 0.7850 -0.0001 0.6195
422.925134 316.2873 -0.3556 -67.7207 -0.0033 0.7859 0.0005 0.6184
423.028737 317.3191 -0.3563 -67.9594 -0.0032 0.7867 0.0007 0.6174
423.132478 318.3521 -0.3627 -68.2043 -0.0028 0.7876 0.0008 0.6162
423.236090 319.3877 -0.3671 -68.4517 -0.0024 0.7889 -0.0003 0.6145
423.339832 320.4068 -0.3748 -68.6941 -0.0022 0.7902 -0.0017 0.6128
423.443441 321.4368 -0.3851 -68.9604 -0.0023 0.7913 -0.0022 0.6114
423.547065 322.4657 -0.3909 -69.2341 -0.0030 0.7924 -0.0020 0.6101
423.650822 323.4775 -0.3948 -69.4833 -0.0046 0.7938 -0.0017 0.6081
423.754420 324.4745 -0.4023 -69.7521 -0.0058 0.7950 0.0003 0.6066
423.858178 325.4634 -0.4113 -70.0313 -0.0054 0.7959 0.0018 0.6054
423.961775 326.4481 -0.4127 -70.3057 -0.0040 0.7970 0.0019 0.6039
424.065390 327.3954 -0.4172 -70.5807 -0.0019 0.7979 0.0009 0.6029
424.169134 328.3193 -0.4233 -70.8516 0.0002 0.7985 0.0013 0.6020
424.272765 329.2346 -0.4242 -71.1266 0.0015 0.7989 0.0013 0.6014
424.376366 330.1373 -0.4294 -71.3945 0.0034 0.7992 0.0014 0.6010
424.480102 330.9827 -0.4415 -71.6195 0.0050 0.7995 0.0018 0.6006
424.583732 331.8358 -0.4483 -71.8635 0.0057 0.7997 0.0024 0.6004
424.687481 332.6816 -0.4577 -72.1104 0.0066 0.7996 0.0034 0.6005
424.791072 333.5252 -0.4660 -72.3514 0.0081 0.7988 0.0035 0.6015
424.894564 334.3650 -0.4730 -72.5871 0.0102 0.7976 0.0047 0.6030
424.998182 335.2142 -0.4765 -72.8177 0.0114 0.7954 0.0063 0.6059
425.101735 336.0535 -0.4829 -73.0420 0.0121 0.7925 0.0084 0.6097
425.205180 336.8914 -0.4876 -73.2392 0.0120 0.7890 0.0084 0.6143
425.308777 337.7326 -0.4972 -73.4188 0.0127 0.7852 0.0067 0.6191
425.412270 338.5704 -0.5056 -73.5940 0.0143 0.7810 0.0041 0.6244
425.515889 339.4015 -0.5174 -73.7397 0.0150 0.7773 0.0014 0.6290
425.619519 340.2463 -0.5266 -73.8745 0.0144 0.7742 -0.0015 0.6327
425.723245 341.1121 -0.5392 -74.0232 0.0133 0.7716 -0.0031 0.6360
425.826916 341.9834 -0.5562 -74.1724 0.0123 0.7698 -0.0036 0.6381
425.930595 342.8561 -0.5665 -74.3215 0.0111 0.7688 -0.0051 0.6393
426.034564 343.7391 -0.5777 -74.4668 0.0101 0.7687 -0.0068 0.6394
426.138241 344.6170 -0.5894 -74.6248 0.0098 0.7689 -0.0083 0.6392
426.241694 345.5252 -0.6029 -74.7935 0.0102 0.7694 -0.0078 0.6386
426.345447 346.4394 -0.6160 -74.9619 0.0092 0.7700 -0.0060 0.6379
426.449188 347.3626 -0.6255 -75.1247 0.0056 0.7708 -0.0028 0.6371
426.553089 348.3157 -0.6303 -75.2977 -0.0008 0.7719 0.0016 0.6358
426.656532 349.2757 -0.6298 -75.4831 -0.0033 0.7735 0.0027 0.6338
426.760392 350.2359 -0.6311 -75.6663 -0.0041 0.7755 -0.0030 0.6313
426.864012 351.2088 -0.6303 -75.8601 -0.0011 0.7778 -0.0079 0.6284
426.967759 352.1697 -0.6322 -76.0626 -0.0018 0.7797 -0.0077 0.6261
427.071534 353.2161 -0.6434 -76.2995 -0.0040 0.7815 -0.0024 0.6239
427.175170 354.2108 -0.6423 -76.5402 -0.0035 0.7829 -0.0004 0.6221
427.279156 355.2330 -0.6482 -76.7707 0.0004 0.7844 -0.0036 0.6202
427.382358 356.2756 -0.6510 -77.0066 0.0017 0.7856 -0.0083 0.6186
427.486096 357.3591 -0.6521 -77.2475 -0.0012 0.7872 -0.0099 0.6167
427.589693 358.4547 -0.6568 -77.5067 -0.0048 0.7888 -0.0092 0.6145
427.693440 359.5563 -0.6692 -77.7694 -0.0049 0.7907 -0.0121 0.6121
427.797177 360.6172 -0.6856 -78.0595 0.0008 0.7921 -0.0156 0.6103
427.900914 361.7209 -0.7000 -78.3628 0.0057 0.7934 -0.0164 0.6084
428.004577 362.8439 -0.7168 -78.6872 0.0066 0.7948 -0.0122 0.6067
428.108290 363.9760 -0.7316 -79.0163 0.0048 0.7965 -0.0064 0.6046
428.211907 365.1004 -0.7461 -79.3390 0.0032 0.7984 -0.0038 0.6021
428.315503 366.2521 -0.7596 -79.6664 0.0029 0.7998 -0.0044 0.6003
428.419133 367.3754 -0.7738 -79.9864 0.0037 0.8010 -0.0049 0.5987
428.522607 368.5111 -0.7841 -80.3210 0.0052 0.8019 -0.0048 0.5975
428.626221 369.6221 -0.7979 -80.6454 0.0061 0.8025 -0.0044 0.5966
428.729848 370.7440 -0.8140 -80.9743 0.0048 0.8027 -0.0032 0.5963
428.833451 371.8659 -0.8283 -81.3231 0.0035 0.8024 -0.0016 0.5967
428.936946 372.9830 -0.8398 -81.6474 0.0053 0.8021 -0.0021 0.5971
429.040563 374.0854 -0.8501 -81.9527 0.0104 0.8016 -0.0038 0.5978
429.144051 375.2084 -0.8704 -82.2918 0.0154 0.7996 -0.0031 0.6003
429.247539 376.3462 -0.8918 -82.6282 0.0168 0.7974 -0.0000 0.6032
429.351161 377.4802 -0.9107 -82.9322 0.0156 0.7954 0.0029 0.6059
429.454646 378.5973 -0.9249 -83.2301 0.0141 0.7934 0.0022 0.6085
429.558282 379.7336 -0.9432 -83.5134 0.0121 0.7919 -0.0007 0.6106
429.661878 380.8532 -0.9599 -83.7858 0.0111 0.7907 -0.0037 0.6120
429.765493 381.9887 -0.9646 -84.0642 0.0097 0.7900 -0.0068 0.6129
429.869237 383.1102 -0.9851 -84.3415 0.0095 0.7895 -0.0056 0.6137
429.972909 384.2470 -0.9975 -84.6463 0.0088 0.7886 -0.0020 0.6148
430.076503 385.3441 -1.0123 -84.9143 0.0072 0.7880 0.0012 0.6156
430.180102 386.4438 -1.0241 -85.1828 0.0062 0.7875 0.0018 0.6163
430.283819 387.5592 -1.0336 -85.4507 0.0065 0.7874 -0.0014 0.6164
430.387435 388.6520 -1.0500 -85.7029 0.0077 0.7874 -0.0057 0.6164
430.491050 389.7530 -1.0656 -85.9717 0.0098 0.7872 -0.0046 0.6166
430.594789 390.8489 -1.0865 -86.2424 0.0096 0.7865 -0.0017 0.6175
430.699180 391.9548 -1.0988 -86.5108 0.0096 0.7855 0.0016 0.6188
430.802102 393.0680 -1.1104 -86.7768 0.0098 0.7845 0.0039 0.6201
430.905793 394.1638 -1.1215 -87.0251 0.0088 0.7838 0.0047 0.6209
431.009424 395.2670 -1.1295 -87.2651 0.0077 0.7833 0.0029 0.6216
431.113097 396.3724 -1.1379 -87.4931 0.0066 0.7827 0.0004 0.6224
431.216698 397.4562 -1.1522 -87.7342 0.0068 0.7819 -0.0022 0.6233
431.320244 398.5392 -1.1711 -87.9639 0.0084 0.7815 -0.0032 0.6238
431.423987 399.6146 -1.1868 -88.2057 0.0086 0.7811 -0.0032 0.6243
431.527594 400.6678 -1.2100 -88.4327 0.0086 0.7806 0.0002 0.6250
431.631198 401.7573 -1.2239 -88.6807 0.0072 0.7803 0.0035 0.6254
431.734939 402.8323 -1.2300 -88.9099 0.0062 0.7802 0.0037 0.6255
431.838560 403.9043 -1.2397 -89.1469 0.0066 0.7802 0.0027 0.6255
431.942312 404.9667 -1.2528 -89.3811 0.0070 0.7802 0.0009 0.6255
432.046005 406.0274 -1.2635 -89.6092 0.0057 0.7803 0.0000 0.6254
432.149544 407.0863 -1.2752 -89.8402 0.0051 0.7801 0.0011 0.6256
432.253310 408.1091 -1.2872 -90.0597 0.0076 0.7802 0.0016 0.6255
432.356947 409.1682 -1.2978 -90.2869 0.0102 0.7803 -0.0016 0.6254
432.460494 410.2194 -1.3147 -90.5240 0.0129 0.7803 -0.0015 0.6252
432.564234 411.2734 -1.3241 -90.7591 0.0121 0.7800 0.0005 0.6257
432.667876 412.3193 -1.3384 -90.9756 0.0106 0.7803 0.0013 0.6254
432.771522 413.3488 -1.3521 -91.2010 0.0107 0.7807 -0.0011 0.6248
432.875097 414.3672 -1.3667 -91.4112 0.0098 0.7815 -0.0059 0.6238
432.978821 415.3866 -1.3816 -91.6390 0.0074 0.7826 -0.0083 0.6224
433.082455 416.4295 -1.3986 -91.8648 0.0049 0.7838 -0.0080 0.6210
433.186214 417.4927 -1.4107 -92.1152 0.0044 0.7850 -0.0072 0.6194
433.289815 418.5441 -1.4282 -92.3606 0.0056 0.7866 -0.0066 0.6174
433.393442 419.5870 -1.4415 -92.6181 0.0071 0.7880 -0.0063 0.6156
433.497111 420.6354 -1.4548 -92.8881 0.0103 0.7893 -0.0058 0.6140
433.600648 421.6900 -1.4749 -93.1587 0.0130 0.7905 -0.0050 0.6123
433.704277 422.7363 -1.4844 -93.4153 0.0157 0.7919 -0.0045 0.6105
433.807894 423.7869 -1.5013 -93.6996 0.0162 0.7929 -0.0009 0.6091
433.911668 424.8355 -1.5187 -93.9859 0.0168 0.7936 0.0033 0.6082
434.015111 425.8720 -1.5326 -94.2739 0.0166 0.7940 0.0040 0.6077
434.118861 426.9448 -1.5446 -94.5626 0.0178 0.7945 0.0040 0.6070
434.222475 427.9924 -1.5612 -94.8344 0.0163 0.7950 0.0029 0.6064
434.326170 429.0660 -1.5702 -95.1238 0.0140 0.7958 0.0025 0.6053
434.429707 430.1130 -1.5812 -95.3941 0.0113 0.7972 0.0002 0.6036
434.533428 431.1797 -1.5972 -95.6893 0.0095 0.7984 -0.0024 0.6020
434.637062 432.2494 -1.6158 -95.9957 0.0080 0.7998 -0.0041 0.6002
434.740658 433.3146 -1.6321 -96.3046 0.0063 0.8011 -0.0047 0.5985
434.844401 434.4104 -1.6427 -96.6333 0.0054 0.8025 -0.0046 0.5966
434.948018 435.5006 -1.6555 -96.9696 0.0050 0.8035 -0.0041 0.5952
435.051631 436.5767 -1.6703 -97.3100 0.0050 0.8046 -0.0029 0.5938
435.155249 437.6676 -1.6810 -97.6525 0.0054 0.8052 -0.0020 0.5929
435.258862 438.7565 -1.6958 -97.9965 0.0059 0.8056 -0.0015 0.5924
435.362499 439.8374 -1.7101 -98.3398 0.0065 0.8059 -0.0017 0.5920
435.466220 440.9145 -1.7199 -98.6715 0.0063 0.8064 -0.0012 0.5913
435.569834 442.0051 -1.7321 -99.0121 0.0058 0.8068 -0.0004 0.5908
435.673449 443.0901 -1.7453 -99.3544 0.0059 0.8072 -0.0003 0.5903
435.777071 444.1510 -1.7530 -99.6962 0.0077 0.8074 -0.0008 0.5899
435.880750 445.2351 -1.7676 -100.0437 0.0083 0.8078 -0.0003 0.5894
435.984384 446.3177 -1.7796 -100.3841 0.0084 0.8083 -0.0003 0.5887
436.088035 447.3967 -1.7860 -100.7228 0.0098 0.8090 -0.0010 0.5878
436.191779 448.4545 -1.8044 -101.0736 0.0111 0.8097 -0.0014 0.5868
436.295412 449.5110 -1.8216 -101.4180 0.0107 0.8106 -0.0014 0.5856
436.399135 450.5642 -1.8394 -101.7625 0.0099 0.8118 0.0001 0.5838
436.502748 451.6140 -1.8527 -102.1174 0.0089 0.8130 0.0012 0.5822
436.606484 452.6522 -1.8654 -102.4802 0.0080 0.8143 0.0014 0.5804
436.710105 453.6845 -1.8787 -102.8334 0.0066 0.8162 0.0008 0.5778
436.813744 454.7011 -1.8919 -103.1873 0.0065 0.8182 -0.0001 0.5748
436.917459 455.7029 -1.9032 -103.5538 0.0070 0.8201 -0.0012 0.5722
437.021095 456.6897 -1.9149 -103.9262 0.0078 0.8219 -0.0011 0.5695
437.124817 457.6449 -1.9266 -104.2844 0.0083 0.8233 -0.0005 0.5675
437.228451 458.5777 -1.9413 -104.6547 0.0096 0.8241 -0.0000 0.5663
437.332048 459.4960 -1.9522 -105.0145 0.0110 0.8248 0.0002 0.5653
437.435664 460.4000 -1.9683 -105.3664 0.0111 0.8255 0.0015 0.5644
437.539296 461.3190 -1.9780 -105.7307 0.0111 0.8260 0.0048 0.5635
437.642895 462.2162 -1.9909 -106.0931 0.0117 0.8264 0.0065 0.5629
437.746530 463.0852 -2.0040 -106.4394 0.0143 0.8270 0.0036 0.5621
437.850146 463.9321 -2.0158 -106.7811 0.0176 0.8276 -0.0004 0.5610
437.953866 464.7644 -2.0242 -107.0846 0.0151 0.8288 -0.0011 0.5593
438.057478 465.5999 -2.0357 -107.4287 0.0100 0.8301 0.0027 0.5575
438.161218 466.3926 -2.0494 -107.7624 0.0060 0.8316 0.0052 0.5553
438.264961 467.1805 -2.0564 -108.0889 0.0056 0.8341 0.0029 0.5516
438.368578 467.9235 -2.0660 -108.4150 0.0053 0.8366 0.0015 0.5478
438.472336 468.6320 -2.0747 -108.7437 0.0060 0.8393 0.0024 0.5436
438.576058 469.3196 -2.0853 -109.0636 0.0073 0.8427 0.0022 0.5383
438.679910 469.9737 -2.0985 -109.3817 0.0104 0.8468 -0.0010 0.5318
438.783661 470.5944 -2.1004 -109.7071 0.0135 0.8512 -0.0041 0.5246
438.887279 471.2072 -2.1053 -110.0435 0.0165 0.8554 -0.0038 0.5177
438.991021 471.7911 -2.1147 -110.3786 0.0176 0.8593 0.0008 0.5112
439.094761 472.3517 -2.1240 -110.7113 0.0191 0.8630 0.0049 0.5047
439.198395 472.8829 -2.1405 -111.0377 0.0215 0.8662 0.0081 0.4992
439.301991 473.3948 -2.1485 -111.3571 0.0245 0.8686 0.0099 0.4948
439.405604 473.8909 -2.1562 -111.6669 0.0270 0.8702 0.0107 0.4919
439.509221 474.3699 -2.1616 -111.9805 0.0292 0.8710 0.0108 0.4903
439.612718 474.8334 -2.1684 -112.2957 0.0313 0.8711 0.0113 0.4900
439.716333 475.2880 -2.1728 -112.5760 0.0320 0.8709 0.0125 0.4902
439.819824 475.7367 -2.1787 -112.8451 0.0325 0.8701 0.0134 0.4915
439.923439 476.1685 -2.1857 -113.1121 0.0322 0.8686 0.0139 0.4943
440.027056 476.5914 -2.1959 -113.3394 0.0312 0.8669 0.0141 0.4973
440.130546 476.9928 -2.2028 -113.5656 0.0309 0.8647 0.0142 0.5012
440.234160 477.4005 -2.2078 -113.7834 0.0308 0.8622 0.0130 0.5055
440.337796 477.7822 -2.2170 -113.9874 0.0321 0.8591 0.0131 0.5106
440.441263 478.1532 -2.2204 -114.1710 0.0334 0.8551 0.0129 0.5173
440.544878 478.5280 -2.2260 -114.3564 0.0342 0.8498 0.0122 0.5259
440.648375 478.8888 -2.2335 -114.4883 0.0332 0.8441 0.0116 0.5351
440.751865 479.2744 -2.2420 -114.6472 0.0314 0.8382 0.0106 0.5444
440.855478 479.6532 -2.2485 -114.7891 0.0301 0.8323 0.0102 0.5533
440.959097 480.0173 -2.2568 -114.9137 0.0285 0.8266 0.0094 0.5620
441.062709 480.4010 -2.2599 -115.0401 0.0273 0.8208 0.0084 0.5704
441.166450 480.7779 -2.2693 -115.1564 0.0264 0.8153 0.0079 0.5784
441.270064 481.1645 -2.2749 -115.2586 0.0252 0.8103 0.0067 0.5854
441.373807 481.5375 -2.2820 -115.3625 0.0239 0.8057 0.0054 0.5918
441.477427 481.9277 -2.2883 -115.4575 0.0225 0.8027 0.0033 0.5960
441.581288 482.3321 -2.2937 -115.5690 0.0208 0.8004 0.0013 0.5992
441.685035 482.7319 -2.2996 -115.6668 0.0189 0.7992 0.0000 0.6007
441.788769 483.1415 -2.3085 -115.7767 0.0177 0.7987 -0.0003 0.6015
441.892509 483.5481 -2.3140 -115.8840 0.0166 0.7991 -0.0009 0.6010
441.996372 483.9725 -2.3208 -116.0010 0.0150 0.8001 -0.0015 0.5997
442.100126 484.4014 -2.3376 -116.1255 0.0141 0.8012 -0.0016 0.5983
442.203730 484.8034 -2.3448 -116.2425 0.0128 0.8025 -0.0025 0.5965
442.307515 485.2134 -2.3509 -116.3710 0.0114 0.8048 -0.0040 0.5934
442.411225 485.6238 -2.3595 -116.5037 0.0102 0.8079 -0.0050 0.5892
442.514823 486.0299 -2.3667 -116.6276 0.0094 0.8113 -0.0053 0.5845
442.618572 486.4423 -2.3587 -116.7814 0.0089 0.8145 -0.0058 0.5801
442.722202 486.8350 -2.3589 -116.9227 0.0084 0.8176 -0.0055 0.5757
442.825994 487.2300 -2.3702 -117.0792 0.0063 0.8205 -0.0053 0.5716
442.929548 487.6276 -2.3741 -117.2317 0.0040 0.8239 -0.0045 0.5667
443.033281 488.0106 -2.3807 -117.3999 0.0028 0.8270 -0.0042 0.5621
443.136912 488.3882 -2.3837 -117.5733 0.0047 0.8300 -0.0044 0.5577
443.240536 488.7543 -2.3913 -117.7615 0.0065 0.8326 -0.0039 0.5538
443.344273 489.1051 -2.3955 -117.9238 0.0071 0.8355 -0.0044 0.5495
443.447865 489.4398 -2.3987 -118.0788 0.0067 0.8380 -0.0058 0.5457
443.551382 489.7618 -2.4071 -118.2140 0.0062 0.8403 -0.0072 0.5421
443.654995 490.0346 -2.4126 -118.3704 0.0072 0.8416 -0.0086 0.5399
443.758584 490.3337 -2.3995 -118.5198 0.0110 0.8428 -0.0099 0.5381
443.862082 490.6190 -2.4065 -118.6766 0.0140 0.8432 -0.0081 0.5374
443.965692 490.9225 -2.4158 -118.8037 0.0154 0.8432 -0.0065 0.5373
444.069182 491.2061 -2.4222 -118.9375 0.0157 0.8419 -0.0062 0.5394
444.172548 491.4973 -2.4420 -119.0673 0.0149 0.8391 -0.0056 0.5437
444.276036 491.7874 -2.4439 -119.1938 0.0140 0.8347 -0.0063 0.5505
444.379470 492.0694 -2.4482 -119.3111 0.0136 0.8291 -0.0072 0.5590
444.482771 492.3672 -2.4489 -119.4098 0.0137 0.8225 -0.0083 0.5685
444.586257 492.6637 -2.4501 -119.5021 0.0153 0.8146 -0.0096 0.5797
444.689624 492.9727 -2.4506 -119.5851 0.0163 0.8057 -0.0116 0.5919
444.793097 493.2963 -2.4545 -119.6680 0.0164 0.7957 -0.0127 0.6054
444.896354 493.6313 -2.4675 -119.7279 0.0143 0.7845 -0.0128 0.6198
444.999846 493.9902 -2.4646 -119.7676 0.0126 0.7721 -0.0134 0.6353
445.103116 494.3592 -2.4688 -119.8027 0.0122 0.7582 -0.0130 0.6517
445.206581 494.7387 -2.4733 -119.8203 0.0128 0.7432 -0.0134 0.6688
445.309945 495.1299 -2.4871 -119.8179 0.0126 0.7269 -0.0126 0.6865
445.413310 495.5374 -2.4938 -119.7968 0.0116 0.7092 -0.0128 0.7048
445.516679 495.9597 -2.4963 -119.7568 0.0107 0.6905 -0.0144 0.7231
445.620168 496.3910 -2.5059 -119.6847 0.0118 0.6710 -0.0149 0.7412
445.723544 496.8433 -2.5131 -119.5954 0.0136 0.6497 -0.0155 0.7599
445.827022 497.2958 -2.5254 -119.4772 0.0156 0.6274 -0.0147 0.7784
445.930575 497.7744 -2.5366 -119.3298 0.0157 0.6033 -0.0140 0.7972
446.034003 498.2450 -2.5499 -119.1440 0.0156 0.5786 -0.0122 0.8154
446.137490 498.7160 -2.5596 -118.9177 0.0144 0.5528 -0.0117 0.8331
446.240984 499.1909 -2.5596 -118.6504 0.0135 0.5259 -0.0128 0.8503
446.344640 499.6529 -2.5695 -118.3460 0.0129 0.4986 -0.0118 0.8666
446.448091 500.1131 -2.5801 -118.0055 0.0122 0.4708 -0.0102 0.8821
446.551725 500.5651 -2.5876 -117.6308 0.0116 0.4426 -0.0094 0.8966
446.655446 501.0313 -2.6016 -117.2077 0.0105 0.4148 -0.0083 0.9098
446.759063 501.4651 -2.6079 -116.7494 0.0090 0.3888 -0.0082 0.9212
446.862801 501.8768 -2.6106 -116.2520 0.0072 0.3649 -0.0091 0.9310
446.966661 502.2800 -2.6134 -115.7179 0.0059 0.3438 -0.0095 0.9390
447.070575 502.6851 -2.6185 -115.1671 0.0046 0.3238 -0.0096 0.9461
447.174273 503.0748 -2.6219 -114.5910 0.0034 0.3047 -0.0090 0.9524
447.278161 503.4576 -2.6222 -113.9778 0.0031 0.2872 -0.0096 0.9578
447.381880 503.8246 -2.6293 -113.3398 0.0038 0.2713 -0.0086 0.9624
447.485745 504.2029 -2.6349 -112.6863 0.0067 0.2564 -0.0070 0.9665
447.589486 504.5446 -2.6400 -112.0208 0.0096 0.2432 -0.0061 0.9699
447.693235 504.8924 -2.6426 -111.3018 0.0110 0.2300 -0.0054 0.9731
447.797084 505.2445 -2.6481 -110.5521 0.0104 0.2171 -0.0028 0.9761
447.900833 505.5753 -2.6535 -109.7755 0.0087 0.2053 -0.0006 0.9787
448.004571 505.8926 -2.6621 -108.9728 0.0066 0.1947 -0.0007 0.9808
448.108336 506.1890 -2.6648 -108.1449 0.0071 0.1864 -0.0013 0.9825
448.212177 506.4920 -2.6699 -107.2684 0.0075 0.1802 -0.0045 0.9836
448.316043 506.7926 -2.6748 -106.3966 0.0089 0.1770 -0.0090 0.9841
448.419912 507.1131 -2.6862 -105.4985 0.0089 0.1751 -0.0107 0.9844
448.523773 507.4596 -2.6946 -104.5685 0.0087 0.1743 -0.0095 0.9846
448.627641 507.8050 -2.7046 -103.6217 0.0082 0.1736 -0.0092 0.9847
448.731409 508.1581 -2.7144 -102.6560 0.0081 0.1729 -0.0084 0.9849
448.835120 508.5142 -2.7224 -101.6754 0.0082 0.1720 -0.0083 0.9850
448.938747 508.8670 -2.7304 -100.6794 0.0078 0.1715 -0.0081 0.9851
449.042479 509.2275 -2.7414 -99.6587 0.0071 0.1708 -0.0082 0.9853
449.146096 509.5899 -2.7503 -98.6387 0.0069 0.1698 -0.0092 0.9854
449.249712 509.9400 -2.7589 -97.6198 0.0057 0.1691 -0.0099 0.9855
449.353343 510.3024 -2.7718 -96.5761 0.0052 0.1681 -0.0097 0.9857
449.456813 510.6627 -2.7809 -95.5187 0.0062 0.1672 -0.0102 0.9859
449.560452 511.0154 -2.7914 -94.4542 0.0075 0.1661 -0.0102 0.9860
449.664067 511.3733 -2.8058 -93.3804 0.0077 0.1648 -0.0101 0.9863
449.767662 511.7304 -2.8188 -92.2905 0.0072 0.1635 -0.0091 0.9865
449.871152 512.0936 -2.8342 -91.1870 0.0059 0.1622 -0.0076 0.9867
449.974770 512.4654 -2.8420 -90.0610 0.0038 0.1608 -0.0064 0.9870
450.078446 512.8342 -2.8486 -88.9281 0.0004 0.1592 -0.0058 0.9872
450.181999 513.1914 -2.8534 -87.7860 -0.0008 0.1578 -0.0040 0.9875
450.285610 513.5378 -2.8614 -86.6567 0.0022 0.1565 -0.0044 0.9877
450.389252 513.9008 -2.8737 -85.5197 0.0087 0.1552 -0.0068 0.9878
450.492866 514.2531 -2.8938 -84.3906 0.0141 0.1541 -0.0094 0.9879
450.596460 514.6044 -2.9135 -83.2488 0.0136 0.1527 -0.0108 0.9881
450.700198 514.9486 -2.9358 -82.1154 0.0083 0.1512 -0.0113 0.9884
450.803816 515.2854 -2.9497 -80.9704 0.0032 0.1494 -0.0115 0.9887
450.907457 515.6135 -2.9640 -79.8462 0.0015 0.1471 -0.0123 0.9890
451.011049 515.9589 -2.9717 -78.7008 0.0022 0.1439 -0.0124 0.9895
451.114663 516.2738 -2.9789 -77.5663 0.0030 0.1414 -0.0129 0.9899
451.218279 516.5844 -2.9939 -76.4353 0.0024 0.1387 -0.0126 0.9903
451.321892 516.8947 -3.0024 -75.2997 0.0024 0.1359 -0.0119 0.9907
451.425507 517.2063 -3.0145 -74.1653 0.0018 0.1329 -0.0119 0.9911
451.529000 517.5082 -3.0259 -73.0403 0.0013 0.1301 -0.0109 0.9914
451.632635 517.8050 -3.0373 -71.9175 0.0008 0.1272 -0.0103 0.9918
451.736233 518.0860 -3.0512 -70.7922 0.0009 0.1243 -0.0097 0.9922
451.839869 518.3576 -3.0624 -69.6716 0.0012 0.1216 -0.0080 0.9925
451.943513 518.6126 -3.0693 -68.5630 0.0013 0.1192 -0.0084 0.9928
452.047100 518.8638 -3.0732 -67.4440 0.0016 0.1172 -0.0085 0.9931
452.150689 519.1289 -3.0842 -66.3527 0.0025 0.1146 -0.0077 0.9934
452.254309 519.3821 -3.0948 -65.2352 0.0040 0.1125 -0.0065 0.9936
452.357926 519.6306 -3.1055 -64.1303 0.0039 0.1101 -0.0058 0.9939
452.461535 519.8754 -3.1135 -63.0043 0.0035 0.1073 -0.0043 0.9942
452.565154 520.1091 -3.1264 -61.8922 0.0042 0.1046 -0.0033 0.9945
452.668799 520.3370 -3.1437 -60.8066 0.0041 0.1019 -0.0016 0.9948
452.772385 520.5712 -3.1462 -59.6908 0.0035 0.0996 -0.0005 0.9950
452.876125 520.7775 -3.1605 -58.5760 0.0027 0.0979 0.0001 0.9952
452.979734 520.9846 -3.1713 -57.4641 0.0031 0.0960 0.0002 0.9954
453.083353 521.1887 -3.1840 -56.3532 0.0041 0.0944 -0.0002 0.9955
453.186968 521.3865 -3.1973 -55.2431 0.0048 0.0927 -0.0009 0.9957
453.290585 521.5809 -3.2091 -54.1352 0.0049 0.0911 -0.0007 0.9958
453.394201 521.7622 -3.2219 -52.9924 0.0047 0.0898 -0.0001 0.9959
453.497837 521.9756 -3.2336 -51.8686 0.0051 0.0877 -0.0000 0.9961
453.601434 522.1312 -3.2453 -50.7736 0.0060 0.0868 0.0005 0.9962
453.705043 522.3148 -3.2561 -49.6639 0.0063 0.0852 0.0008 0.9963
453.808678 522.4983 -3.2689 -48.5349 0.0061 0.0835 0.0005 0.9965
453.912277 522.6686 -3.2802 -47.4047 0.0059 0.0821 -0.0006 0.9966
454.015902 522.8676 -3.2933 -46.2448 0.0057 0.0800 -0.0008 0.9968
454.119571 523.0305 -3.3073 -45.1224 0.0057 0.0782 -0.0010 0.9969
454.223125 523.1922 -3.3169 -43.9835 0.0057 0.0766 -0.0016 0.9970
454.326741 523.3711 -3.3298 -42.8331 0.0058 0.0746 -0.0012 0.9972
454.430351 523.5313 -3.3385 -41.6963 0.0058 0.0729 -0.0015 0.9973
454.533979 523.6928 -3.3523 -40.5313 0.0055 0.0710 -0.0023 0.9975
454.637589 523.8531 -3.3671 -39.3943 0.0048 0.0692 -0.0026 0.9976
454.741077 524.0045 -3.3834 -38.2247 0.0045 0.0676 -0.0039 0.9977
454.844696 524.1480 -3.3991 -37.0736 0.0046 0.0658 -0.0049 0.9978
454.948320 524.2904 -3.4086 -35.9155 0.0054 0.0640 -0.0067 0.9979
455.051921 524.4262 -3.4215 -34.7302 0.0060 0.0623 -0.0082 0.9980
455.155535 524.5510 -3.4339 -33.5591 0.0061 0.0607 -0.0103 0.9981
455.259159 524.6802 -3.4458 -32.3704 0.0052 0.0585 -0.0106 0.9982
455.362766 524.8146 -3.4593 -31.1774 0.0045 0.0564 -0.0109 0.9983
455.466391 524.9215 -3.4696 -30.0053 0.0046 0.0546 -0.0123 0.9984
455.570002 525.0457 -3.4812 -28.8132 0.0051 0.0522 -0.0127 0.9985
455.673504 525.1413 -3.4849 -27.6627 0.0060 0.0502 -0.0147 0.9986
455.777106 525.2539 -3.4982 -26.4837 0.0054 0.0475 -0.0144 0.9988
455.880721 525.3615 -3.5011 -25.3003 0.0044 0.0450 -0.0152 0.9989
455.984212 525.4561 -3.5162 -24.1137 0.0028 0.0426 -0.0154 0.9990
456.087827 525.5435 -3.5246 -22.9282 0.0027 0.0399 -0.0170 0.9991
456.191444 525.6233 -3.5358 -21.7122 0.0032 0.0370 -0.0177 0.9992
456.295080 525.7028 -3.5407 -20.4991 0.0047 0.0341 -0.0181 0.9992
456.398716 525.7643 -3.5503 -19.2948 0.0056 0.0314 -0.0189 0.9993
456.502287 525.8443 -3.5607 -18.1036 0.0060 0.0284 -0.0174 0.9994
456.605781 525.9120 -3.5704 -16.8845 0.0056 0.0255 -0.0172 0.9995
456.709398 525.9702 -3.5798 -15.6145 0.0045 0.0225 -0.0173 0.9996
456.813132 526.0165 -3.5937 -14.3690 0.0029 0.0199 -0.0179 0.9996
456.916752 526.0522 -3.5969 -13.1048 0.0020 0.0175 -0.0186 0.9997
457.020392 526.0917 -3.6041 -11.8740 0.0023 0.0145 -0.0185 0.9997
457.123985 526.1230 -3.6187 -10.6204 0.0028 0.0114 -0.0168 0.9998
457.227598 526.1505 -3.6298 -9.4198 0.0032 0.0084 -0.0144 0.9999
457.331215 526.1381 -3.6529 -8.2248 0.0024 0.0057 -0.0114 0.9999
457.434828 526.1320 -3.6717 -7.0032 0.0018 0.0030 -0.0104 0.9999
457.539185 526.1664 -3.6843 -5.7765 0.0008 -0.0005 -0.0093 1.0000
457.642104 526.1464 -3.6930 -4.5262 -0.0005 -0.0030 -0.0100 0.9999
457.745681 526.1472 -3.6979 -3.2645 -0.0008 -0.0058 -0.0102 0.9999
457.849295 526.1162 -3.7010 -2.0001 0.0007 -0.0080 -0.0101 0.9999
457.952931 526.0921 -3.7065 -0.7667 0.0031 -0.0101 -0.0092 0.9999
458.056542 526.0542 -3.7183 0.4687 0.0051 -0.0121 -0.0095 0.9999
458.160161 526.0208 -3.7361 1.7077 0.0053 -0.0141 -0.0084 0.9999
458.263765 525.9714 -3.7491 2.9696 0.0032 -0.0159 -0.0086 0.9998
458.367370 525.9192 -3.7590 4.2217 0.0016 -0.0176 -0.0088 0.9998
458.471107 525.8826 -3.7683 5.4406 0.0014 -0.0197 -0.0091 0.9998
458.574726 525.8241 -3.7715 6.6742 0.0024 -0.0217 -0.0096 0.9997
458.678362 525.7497 -3.7822 7.8863 0.0025 -0.0234 -0.0100 0.9997
458.781956 525.6875 -3.7894 9.1239 0.0033 -0.0260 -0.0093 0.9996
458.885568 525.6067 -3.8020 10.3578 0.0046 -0.0286 -0.0087 0.9995
458.989189 525.5134 -3.8163 11.5781 0.0055 -0.0311 -0.0077 0.9995
459.092807 525.4380 -3.8225 12.7924 0.0055 -0.0338 -0.0071 0.9994
459.196417 525.3323 -3.8321 14.0207 0.0040 -0.0359 -0.0075 0.9993
459.300258 525.2433 -3.8362 15.2439 0.0017 -0.0386 -0.0066 0.9992
459.403714 525.1306 -3.8453 16.4453 0.0003 -0.0409 -0.0054 0.9991
459.507272 525.0199 -3.8465 17.6853 0.0007 -0.0431 -0.0051 0.9991
459.610902 524.8992 -3.8537 18.9173 0.0017 -0.0450 -0.0046 0.9990
459.714496 524.7906 -3.8677 20.1540 0.0034 -0.0473 -0.0038 0.9989
459.818154 524.6576 -3.8748 21.3637 0.0052 -0.0489 -0.0050 0.9988
459.921828 524.5256 -3.8902 22.5778 0.0054 -0.0503 -0.0061 0.9987
460.025336 524.3876 -3.8983 23.7996 0.0048 -0.0514 -0.0080 0.9986
460.128957 524.2545 -3.9147 25.0087 0.0037 -0.0529 -0.0087 0.9986
460.232575 524.1152 -3.9236 26.2234 0.0040 -0.0539 -0.0088 0.9985
460.336189 523.9728 -3.9374 27.3971 0.0046 -0.0550 -0.0090 0.9984
460.439930 523.8153 -3.9433 28.6029 0.0061 -0.0560 -0.0106 0.9984
460.543546 523.6689 -3.9516 29.8309 0.0064 -0.0571 -0.0107 0.9983
460.647161 523.5146 -3.9618 31.0284 0.0051 -0.0581 -0.0112 0.9982
460.750778 523.3559 -3.9681 32.2190 0.0039 -0.0592 -0.0122 0.9982
460.854389 523.2170 -3.9776 33.4288 0.0047 -0.0615 -0.0119 0.9980
460.958008 523.0501 -3.9838 34.6419 0.0068 -0.0632 -0.0125 0.9979
461.061619 522.8887 -3.9992 35.8442 0.0073 -0.0654 -0.0128 0.9978
461.165234 522.7310 -4.0170 37.0490 0.0071 -0.0674 -0.0123 0.9976
461.268727 522.5621 -4.0313 38.2650 0.0067 -0.0698 -0.0127 0.9975
461.372342 522.3701 -4.0434 39.4582 0.0057 -0.0712 -0.0130 0.9974
461.475955 522.1839 -4.0569 40.6692 0.0054 -0.0732 -0.0151 0.9972
461.579450 521.9802 -4.0661 41.8703 0.0059 -0.0751 -0.0175 0.9970
461.683082 521.7811 -4.0797 43.0684 0.0069 -0.0773 -0.0199 0.9968
461.786681 521.5790 -4.0916 44.2575 0.0081 -0.0792 -0.0225 0.9966
461.890418 521.3676 -4.1054 45.4431 0.0092 -0.0812 -0.0246 0.9964
461.994034 521.1527 -4.1172 46.6279 0.0096 -0.0833 -0.0256 0.9962
462.097664 520.9362 -4.1342 47.8281 0.0080 -0.0856 -0.0254 0.9960
462.201266 520.7223 -4.1459 49.0371 0.0061 -0.0884 -0.0259 0.9957
462.304953 520.5064 -4.1562 50.2553 0.0048 -0.0913 -0.0260 0.9955
462.408529 520.2964 -4.1746 51.4327 0.0045 -0.0943 -0.0264 0.9952
462.512131 520.0832 -4.1858 52.6083 0.0049 -0.0973 -0.0266 0.9949
462.615939 519.8141 -4.1897 53.8458 0.0052 -0.0997 -0.0267 0.9946
462.719468 519.5816 -4.2000 55.0227 0.0055 -0.1025 -0.0276 0.9943
462.823083 519.3249 -4.2122 56.1884 0.0059 -0.1047 -0.0282 0.9941
462.926695 519.0454 -4.2152 57.3573 0.0066 -0.1068 -0.0289 0.9938
463.030445 518.7713 -4.2307 58.5068 0.0062 -0.1085 -0.0297 0.9936
463.134050 518.4855 -4.2332 59.6807 0.0059 -0.1102 -0.0310 0.9934
463.237673 518.1962 -4.2397 60.8661 0.0048 -0.1117 -0.0310 0.9932
463.341298 517.8889 -4.2430 62.0797 0.0041 -0.1136 -0.0294 0.9931
463.444926 517.6017 -4.2480 63.2412 0.0046 -0.1154 -0.0287 0.9929
463.548517 517.3289 -4.2523 64.3771 0.0040 -0.1172 -0.0262 0.9928
463.652133 517.0446 -4.2605 65.5428 0.0031 -0.1191 -0.0251 0.9926
463.755750 516.7632 -4.2705 66.6988 0.0024 -0.1212 -0.0250 0.9923
463.859243 516.4571 -4.2765 67.8294 0.0036 -0.1227 -0.0241 0.9921
463.962880 516.1614 -4.2841 68.9597 0.0053 -0.1247 -0.0239 0.9919
464.066470 515.8526 -4.2926 70.0987 0.0059 -0.1266 -0.0250 0.9916
464.170089 515.5352 -4.2998 71.2709 0.0044 -0.1284 -0.0258 0.9914
464.273703 515.2192 -4.3111 72.4131 0.0050 -0.1304 -0.0280 0.9911
464.377321 514.9021 -4.3180 73.5738 0.0057 -0.1322 -0.0276 0.9908
464.480984 514.5717 -4.3254 74.7434 0.0065 -0.1346 -0.0292 0.9905
464.584444 514.2270 -4.3283 75.8896 0.0079 -0.1363 -0.0300 0.9902
464.688043 513.8978 -4.3361 77.0418 0.0095 -0.1383 -0.0288 0.9899
464.791652 513.5558 -4.3497 78.1676 0.0099 -0.1402 -0.0279 0.9897
464.895290 513.2194 -4.3599 79.3459 0.0089 -0.1429 -0.0258 0.9894
464.998895 512.8874 -4.3734 80.5159 0.0085 -0.1459 -0.0243 0.9890
465.102533 512.5209 -4.3831 81.6706 0.0092 -0.1483 -0.0240 0.9886
465.206118 512.1394 -4.3959 82.8345 0.0106 -0.1502 -0.0249 0.9883
465.309731 511.7594 -4.4075 84.0233 0.0109 -0.1526 -0.0255 0.9879
465.413467 511.3732 -4.4249 85.1966 0.0088 -0.1547 -0.0259 0.9876
465.517106 510.9891 -4.4341 86.3620 0.0074 -0.1569 -0.0257 0.9873
465.620696 510.5816 -4.4498 87.5339 0.0076 -0.1591 -0.0275 0.9869
465.724440 510.1775 -4.4577 88.7025 0.0084 -0.1615 -0.0288 0.9864
465.828079 509.7866 -4.4671 89.8205 0.0092 -0.1635 -0.0310 0.9860
465.931801 509.3684 -4.4795 90.9900 0.0081 -0.1655 -0.0322 0.9857
466.035416 508.9468 -4.4926 92.1198 0.0071 -0.1668 -0.0323 0.9854
466.139030 508.5275 -4.4998 93.2832 0.0073 -0.1687 -0.0339 0.9851
466.242782 508.1039 -4.5111 94.4297 0.0067 -0.1704 -0.0331 0.9848
466.346405 507.6757 -4.5201 95.5839 0.0057 -0.1721 -0.0342 0.9845
466.449998 507.2379 -4.5287 96.7376 0.0054 -0.1738 -0.0363 0.9841
466.553617 506.7983 -4.5354 97.8815 0.0061 -0.1754 -0.0378 0.9837
466.657255 506.3655 -4.5401 99.0098 0.0058 -0.1770 -0.0383 0.9835
466.760847 505.9289 -4.5467 100.1452 0.0054 -0.1786 -0.0383 0.9832
466.864465 505.4988 -4.5543 101.2788 0.0073 -0.1807 -0.0371 0.9828
466.968080 505.0550 -4.5558 102.3949 0.0105 -0.1827 -0.0376 0.9824
467.071699 504.6095 -4.5655 103.5065 0.0108 -0.1844 -0.0384 0.9820
467.175303 504.1662 -4.5751 104.6225 0.0089 -0.1859 -0.0386 0.9818
467.278947 503.7287 -4.5904 105.7404 0.0072 -0.1880 -0.0392 0.9814
467.382540 503.2772 -4.5971 106.8456 0.0071 -0.1902 -0.0386 0.9810
467.486034 502.8238 -4.6048 107.9724 0.0072 -0.1932 -0.0372 0.9804
467.589669 502.3474 -4.6106 109.0903 0.0074 -0.1959 -0.0371 0.9799
467.693260 501.8807 -4.6143 110.1933 0.0061 -0.1985 -0.0384 0.9793
467.796771 501.4122 -4.6184 111.3009 0.0043 -0.2009 -0.0383 0.9789
467.900372 500.9381 -4.6159 112.4162 0.0037 -0.2035 -0.0382 0.9783
468.004001 500.4581 -4.6200 113.5175 0.0033 -0.2063 -0.0352 0.9779
468.107598 499.9683 -4.6210 114.6194 0.0037 -0.2091 -0.0344 0.9773
468.211267 499.4577 -4.6233 115.7155 0.0025 -0.2113 -0.0346 0.9768
468.314827 498.9454 -4.6201 116.7986 0.0017 -0.2137 -0.0360 0.9762
468.418441 498.4250 -4.6155 117.9043 0.0020 -0.2161 -0.0376 0.9757
468.522061 497.9125 -4.6171 119.0032 0.0024 -0.2186 -0.0360 0.9751
468.625674 497.3930 -4.6183 120.0727 0.0036 -0.2208 -0.0346 0.9747
468.729429 496.8657 -4.6204 121.1603 0.0044 -0.2226 -0.0333 0.9743
468.833032 496.3258 -4.6187 122.2342 0.0047 -0.2242 -0.0335 0.9739
468.936662 495.7872 -4.6186 123.3245 0.0044 -0.2259 -0.0337 0.9736
469.040261 495.2364 -4.6237 124.4300 0.0039 -0.2279 -0.0343 0.9731
469.143878 494.6828 -4.6230 125.5324 0.0032 -0.2297 -0.0347 0.9726
469.247616 494.1260 -4.6258 126.6185 0.0024 -0.2317 -0.0340 0.9722
469.351233 493.5633 -4.6264 127.7246 0.0028 -0.2338 -0.0323 0.9717
469.454848 492.9894 -4.6236 128.8157 0.0051 -0.2364 -0.0313 0.9711
469.558587 492.3888 -4.6252 129.9391 0.0060 -0.2384 -0.0320 0.9706
469.662216 491.8094 -4.6301 131.0224 0.0063 -0.2408 -0.0330 0.9700
469.765944 491.2124 -4.6214 132.0834 0.0076 -0.2426 -0.0360 0.9694
469.869561 490.6601 -4.6328 133.1458 0.0083 -0.2449 -0.0369 0.9688
469.973240 490.0745 -4.6259 134.2144 0.0085 -0.2471 -0.0380 0.9682
470.076793 489.4604 -4.6282 135.2911 0.0077 -0.2491 -0.0381 0.9677
470.180534 488.8358 -4.6254 136.3958 0.0068 -0.2511 -0.0388 0.9672
470.284146 488.2234 -4.6309 137.4806 0.0070 -0.2534 -0.0389 0.9666
470.387886 487.5976 -4.6352 138.5805 0.0067 -0.2558 -0.0387 0.9659
470.491512 486.9544 -4.6328 139.6767 0.0066 -0.2579 -0.0394 0.9653
470.595124 486.3465 -4.6410 140.7320 0.0056 -0.2601 -0.0403 0.9647
470.698757 485.7039 -4.6356 141.7991 0.0072 -0.2622 -0.0409 0.9641
470.802474 485.0329 -4.6334 142.9102 0.0078 -0.2645 -0.0395 0.9635
470.906113 484.3910 -4.6399 143.9799 0.0080 -0.2666 -0.0394 0.9630
471.009707 483.7149 -4.6402 145.0829 0.0065 -0.2687 -0.0391 0.9624
471.113318 483.0441 -4.6353 146.1704 0.0051 -0.2709 -0.0400 0.9618
471.216815 482.3544 -4.6354 147.2678 0.0046 -0.2726 -0.0420 0.9612
471.320425 481.6430 -4.6335 148.3724 0.0063 -0.2741 -0.0448 0.9606
471.424044 480.9482 -4.6323 149.4594 0.0080 -0.2754 -0.0466 0.9602
471.527684 480.2425 -4.6313 150.5600 0.0090 -0.2768 -0.0483 0.9597
471.631400 479.5502 -4.6284 151.6559 0.0087 -0.2782 -0.0486 0.9593
471.735015 478.8454 -4.6261 152.7408 0.0090 -0.2792 -0.0493 0.9589
471.838633 478.1404 -4.6272 153.8379 0.0081 -0.2802 -0.0484 0.9587
471.942242 477.4277 -4.6290 154.9382 0.0071 -0.2811 -0.0477 0.9585
472.045997 476.7183 -4.6272 156.0248 0.0071 -0.2819 -0.0490 0.9582
472.149604 476.0039 -4.6233 157.0892 0.0081 -0.2826 -0.0520 0.9578
472.253218 475.2864 -4.6214 158.1819 0.0088 -0.2831 -0.0531 0.9576
472.356979 474.5417 -4.6156 159.2914 0.0107 -0.2835 -0.0546 0.9573
472.460574 473.7711 -4.6144 160.4274 0.0107 -0.2843 -0.0561 0.9570
472.564321 473.0472 -4.6106 161.5122 0.0090 -0.2846 -0.0575 0.9569
472.667931 472.3103 -4.6089 162.6005 0.0076 -0.2841 -0.0595 0.9569
472.771683 471.5707 -4.5976 163.7102 0.0070 -0.2838 -0.0617 0.9569
472.875286 470.8724 -4.5856 164.8180 0.0075 -0.2836 -0.0624 0.9569
472.979026 470.1533 -4.5779 165.9172 0.0082 -0.2824 -0.0597 0.9574
473.082662 469.4450 -4.5720 167.0252 0.0089 -0.2819 -0.0556 0.9578
473.186258 468.7439 -4.5745 168.1388 0.0071 -0.2816 -0.0501 0.9582
473.289746 468.0457 -4.5730 169.2383 0.0054 -0.2811 -0.0465 0.9585
473.393364 467.3447 -4.5703 170.3540 0.0050 -0.2805 -0.0439 0.9588
473.497002 466.6578 -4.5689 171.4245 0.0055 -0.2795 -0.0428 0.9592
473.600608 465.9424 -4.5654 172.5466 0.0055 -0.2789 -0.0441 0.9593
473.704206 465.2256 -4.5593 173.6341 0.0051 -0.2777 -0.0458 0.9596
473.807864 464.5145 -4.5592 174.7472 0.0066 -0.2774 -0.0470 0.9596
473.911443 463.8137 -4.5573 175.8478 0.0081 -0.2766 -0.0483 0.9597
474.015056 463.0934 -4.5598 176.9570 0.0093 -0.2762 -0.0493 0.9598
474.118694 462.3952 -4.5642 178.0906 0.0095 -0.2764 -0.0478 0.9598
474.222412 461.6964 -4.5657 179.2064 0.0113 -0.2765 -0.0470 0.9598
474.326026 461.0079 -4.5715 180.2694 0.0118 -0.2762 -0.0452 0.9600
474.429765 460.3204 -4.5800 181.3360 0.0113 -0.2762 -0.0439 0.9600
474.533382 459.6246 -4.5855 182.4307 0.0094 -0.2763 -0.0423 0.9601
474.637042 458.9568 -4.5913 183.5080 0.0078 -0.2768 -0.0413 0.9600
474.740612 458.2524 -4.5929 184.6005 0.0078 -0.2772 -0.0401 0.9599
474.844351 457.5397 -4.5921 185.7210 0.0086 -0.2780 -0.0399 0.9597
474.947966 456.8328 -4.5959 186.8077 0.0088 -0.2785 -0.0408 0.9595
475.051590 456.1276 -4.5976 187.8852 0.0085 -0.2785 -0.0427 0.9594
475.155210 455.4485 -4.6032 188.9539 0.0071 -0.2788 -0.0444 0.9593
475.258820 454.7374 -4.6023 190.0567 0.0074 -0.2790 -0.0456 0.9592
475.362431 454.0294 -4.6015 191.1474 0.0082 -0.2791 -0.0460 0.9591
475.466049 453.3231 -4.5961 192.2422 0.0099 -0.2793 -0.0453 0.9591
475.569784 452.6184 -4.6018 193.3382 0.0104 -0.2793 -0.0447 0.9591
475.673275 451.9125 -4.6067 194.4535 0.0105 -0.2793 -0.0444 0.9591
475.776915 451.2099 -4.6110 195.5410 0.0098 -0.2794 -0.0449 0.9591
475.880531 450.5096 -4.6096 196.6215 0.0096 -0.2794 -0.0453 0.9590
475.984124 449.8128 -4.6166 197.6973 0.0099 -0.2791 -0.0455 0.9591
476.087738 449.1160 -4.6207 198.7829 0.0113 -0.2791 -0.0457 0.9591
476.191230 448.3993 -4.6268 199.8903 0.0132 -0.2792 -0.0463 0.9590
476.294847 447.6804 -4.6281 200.9969 0.0137 -0.2792 -0.0456 0.9591
476.398460 446.9801 -4.6354 202.0832 0.0137 -0.2792 -0.0466 0.9590
476.502075 446.2737 -4.6440 203.1606 0.0127 -0.2789 -0.0471 0.9591
476.605711 445.5869 -4.6538 204.2535 0.0116 -0.2792 -0.0481 0.9590
476.709311 444.8871 -4.6599 205.3341 0.0105 -0.2791 -0.0491 0.9589
476.812947 444.1767 -4.6618 206.4193 0.0094 -0.2788 -0.0511 0.9589
476.916539 443.4702 -4.6614 207.5001 0.0096 -0.2785 -0.0536 0.9589
477.020154 442.7709 -4.6647 208.5720 0.0109 -0.2786 -0.0549 0.9588
477.123786 442.0629 -4.6658 209.6526 0.0128 -0.2785 -0.0568 0.9587
477.227382 441.3523 -4.6724 210.7513 0.0140 -0.2787 -0.0578 0.9585
477.330995 440.6676 -4.6758 211.8173 0.0151 -0.2789 -0.0591 0.9584
477.434882 439.9654 -4.6783 212.9066 0.0155 -0.2788 -0.0597 0.9584
477.538234 439.2688 -4.6822 213.9794 0.0152 -0.2784 -0.0601 0.9585
477.641712 438.5493 -4.6895 215.0827 0.0138 -0.2783 -0.0610 0.9585
477.745330 437.8616 -4.7004 216.1653 0.0127 -0.2787 -0.0608 0.9584
477.848949 437.1716 -4.7021 217.2400 0.0136 -0.2788 -0.0602 0.9584
477.952585 436.5069 -4.7057 218.2918 0.0145 -0.2792 -0.0591 0.9583
478.056185 435.8374 -4.7187 219.3672 0.0138 -0.2798 -0.0570 0.9583
478.159798 435.1470 -4.7277 220.4551 0.0133 -0.2801 -0.0543 0.9583
478.263406 434.4600 -4.7318 221.5335 0.0140 -0.2808 -0.0538 0.9581
478.367028 433.7626 -4.7362 222.6074 0.0129 -0.2807 -0.0542 0.9582
478.470644 433.0528 -4.7340 223.6910 0.0105 -0.2803 -0.0557 0.9582
478.574380 432.3654 -4.7335 224.8053 0.0089 -0.2811 -0.0559 0.9580
478.678017 431.6479 -4.7343 225.8942 0.0087 -0.2813 -0.0551 0.9580
478.781614 430.9502 -4.7370 226.9953 0.0094 -0.2822 -0.0527 0.9579
478.885227 430.2511 -4.7354 228.0713 0.0101 -0.2824 -0.0519 0.9578
478.988914 429.5519 -4.7401 229.1434 0.0089 -0.2825 -0.0508 0.9579
479.092462 428.8319 -4.7349 230.2286 0.0073 -0.2824 -0.0503 0.9580
479.196078 428.1261 -4.7345 231.3184 0.0057 -0.2824 -0.0496 0.9580
479.299816 427.4327 -4.7340 232.3853 0.0057 -0.2829 -0.0485 0.9579
479.403433 426.7127 -4.7271 233.4842 0.0089 -0.2834 -0.0473 0.9578
479.507052 425.9968 -4.7346 234.5581 0.0124 -0.2836 -0.0476 0.9577
479.610673 425.3001 -4.7377 235.6222 0.0134 -0.2836 -0.0486 0.9576
479.714405 424.5810 -4.7439 236.7213 0.0118 -0.2836 -0.0499 0.9576
479.818021 423.8519 -4.7446 237.8282 0.0104 -0.2834 -0.0505 0.9576
479.921631 423.1270 -4.7461 238.9384 0.0111 -0.2834 -0.0492 0.9577
480.025268 422.4098 -4.7496 240.0425 0.0124 -0.2838 -0.0472 0.9576
480.128875 421.6944 -4.7535 241.1459 0.0132 -0.2841 -0.0463 0.9576
480.232605 420.9740 -4.7608 242.2450 0.0134 -0.2840 -0.0472 0.9576
480.336221 420.2487 -4.7659 243.3301 0.0137 -0.2837 -0.0485 0.9576
480.439835 419.5185 -4.7685 244.4214 0.0121 -0.2832 -0.0497 0.9577
480.543451 418.8115 -4.7745 245.5153 0.0102 -0.2832 -0.0509 0.9577
480.647070 418.1032 -4.7754 246.6042 0.0106 -0.2833 -0.0510 0.9576
480.750700 417.3823 -4.7791 247.6952 0.0125 -0.2834 -0.0510 0.9576
480.854422 416.6604 -4.7787 248.8024 0.0140 -0.2839 -0.0515 0.9574
480.957913 415.9301 -4.7796 249.9044 0.0143 -0.2839 -0.0530 0.9573
481.061653 415.2017 -4.7838 250.9935 0.0141 -0.2840 -0.0536 0.9572
481.165290 414.4857 -4.7898 252.0896 0.0129 -0.2844 -0.0526 0.9572
481.268775 413.7269 -4.7978 253.1963 0.0124 -0.2844 -0.0529 0.9572
481.372501 413.0060 -4.7980 254.2981 0.0125 -0.2845 -0.0527 0.9571
481.476116 412.2680 -4.8037 255.4104 0.0128 -0.2848 -0.0533 0.9570
481.579729 411.5296 -4.8074 256.5151 0.0137 -0.2850 -0.0552 0.9568
481.683366 410.7958 -4.8158 257.6078 0.0138 -0.2849 -0.0568 0.9568
481.786964 410.0764 -4.8208 258.7159 0.0131 -0.2853 -0.0577 0.9566
481.890578 409.3567 -4.8223 259.8013 0.0129 -0.2853 -0.0588 0.9565
481.994318 408.6325 -4.8234 260.8960 0.0121 -0.2855 -0.0593 0.9565
482.097932 407.8796 -4.8145 261.9831 0.0124 -0.2855 -0.0600 0.9564
482.201569 407.1714 -4.8141 263.0549 0.0128 -0.2859 -0.0611 0.9562
482.305187 406.4658 -4.8186 264.1122 0.0128 -0.2856 -0.0620 0.9563
482.408927 405.7571 -4.8162 265.1983 0.0125 -0.2854 -0.0619 0.9563
482.512520 405.0461 -4.8184 266.2802 0.0126 -0.2850 -0.0614 0.9565
482.616158 404.3385 -4.8240 267.3419 0.0126 -0.2842 -0.0597 0.9568
482.719749 403.6392 -4.8258 268.4230 0.0127 -0.2837 -0.0573 0.9571
482.823366 402.9471 -4.8286 269.4975 0.0130 -0.2835 -0.0553 0.9573
482.926982 402.2283 -4.8325 270.5732 0.0130 -0.2828 -0.0538 0.9576
483.030723 401.5228 -4.8369 271.6694 0.0115 -0.2822 -0.0526 0.9578
483.134355 400.8515 -4.8436 272.7593 0.0100 -0.2820 -0.0531 0.9579
483.237959 400.1485 -4.8466 273.8447 0.0095 -0.2812 -0.0525 0.9582
483.341573 399.4623 -4.8522 274.8779 0.0110 -0.2800 -0.0521 0.9585
483.445194 398.7545 -4.8534 275.9710 0.0139 -0.2797 -0.0504 0.9587
483.548806 398.0915 -4.8588 277.0012 0.0153 -0.2795 -0.0490 0.9588
483.652420 397.4421 -4.8635 278.0234 0.0147 -0.2790 -0.0480 0.9590
483.756039 396.7686 -4.8713 279.0723 0.0131 -0.2787 -0.0480 0.9591
483.859679 396.1029 -4.8812 280.1200 0.0126 -0.2787 -0.0478 0.9591
483.963350 395.3749 -4.8799 281.1688 0.0126 -0.2779 -0.0478 0.9593
484.066875 394.7038 -4.8906 282.2030 0.0117 -0.2775 -0.0485 0.9594
484.170638 394.0505 -4.9037 283.2405 0.0105 -0.2775 -0.0489 0.9594
484.274230 393.4024 -4.9028 284.2526 0.0108 -0.2775 -0.0494 0.9594
484.377887 392.7488 -4.9089 285.2539 0.0113 -0.2775 -0.0501 0.9593
484.481478 392.1107 -4.9143 286.2206 0.0119 -0.2775 -0.0514 0.9593
484.585085 391.4706 -4.9218 287.2194 0.0114 -0.2781 -0.0528 0.9590
484.688861 390.8459 -4.9177 288.1853 0.0107 -0.2786 -0.0537 0.9588
484.792453 390.2252 -4.9253 289.1318 0.0103 -0.2792 -0.0556 0.9586
484.896053 389.6047 -4.9283 290.0971 0.0121 -0.2804 -0.0572 0.9581
484.999685 388.9913 -4.9328 291.0536 0.0143 -0.2816 -0.0576 0.9577
485.103410 388.3933 -4.9367 291.9809 0.0156 -0.2825 -0.0575 0.9574
485.207023 387.7833 -4.9437 292.8954 0.0155 -0.2830 -0.0574 0.9573
485.310639 387.2061 -4.9531 293.8256 0.0144 -0.2847 -0.0560 0.9569
485.414253 386.6260 -4.9583 294.7320 0.0139 -0.2859 -0.0542 0.9566
485.517869 386.0310 -4.9618 295.6353 0.0132 -0.2868 -0.0520 0.9565
485.621610 385.4621 -4.9700 296.5031 0.0124 -0.2879 -0.0510 0.9562
485.725225 384.9022 -4.9803 297.3445 0.0119 -0.2891 -0.0510 0.9559
485.828963 384.3441 -4.9866 298.1643 0.0122 -0.2905 -0.0508 0.9555
485.932582 383.7910 -4.9905 298.9729 0.0121 -0.2919 -0.0519 0.9550
