343.849890 0.0000 0.0000 0.0000 0.0000 0.0000 0.0000 1.0000
343.954009 0.0637 -0.0027 0.6098 -0.0020 0.0313 0.0001 0.9995
344.057989 0.1629 -0.0046 1.2019 -0.0039 0.0654 0.0000 0.9979
344.162105 0.3088 -0.0095 1.7548 -0.0048 0.1014 0.0005 0.9948
344.266226 0.5042 -0.0143 2.2837 -0.0049 0.1381 0.0013 0.9904
344.370219 0.7260 -0.0173 2.8001 -0.0047 0.1752 0.0015 0.9845
344.474212 0.9842 -0.0173 3.2915 -0.0044 0.2118 0.0025 0.9773
344.578075 1.2885 -0.0155 3.7806 -0.0042 0.2479 0.0034 0.9688
344.681937 1.6257 -0.0206 4.2205 -0.0043 0.2832 0.0048 0.9590
344.785683 1.9885 -0.0211 4.6495 -0.0045 0.3185 0.0059 0.9479
344.889542 2.3850 -0.0208 5.0401 -0.0050 0.3523 0.0071 0.9359
344.993377 2.8156 -0.0168 5.4258 -0.0055 0.3845 0.0091 0.9231
345.096898 3.2694 -0.0096 5.7786 -0.0068 0.4142 0.0098 0.9101
345.200606 3.7359 0.0002 6.0907 -0.0080 0.4418 0.0107 0.8970
345.304056 4.2336 0.0084 6.3764 -0.0086 0.4669 0.0109 0.8842
345.407513 4.7712 0.0137 6.6663 -0.0092 0.4901 0.0110 0.8715
345.511079 5.2960 0.0211 6.9204 -0.0105 0.5109 0.0100 0.8595
345.614480 5.8353 0.0294 7.1644 -0.0111 0.5296 0.0103 0.8481
345.717866 6.4084 0.0328 7.3872 -0.0132 0.5452 0.0093 0.8382
345.821343 6.9941 0.0428 7.6065 -0.0149 0.5603 0.0081 0.8281
345.924791 7.5893 0.0499 7.7990 -0.0165 0.5754 0.0068 0.8177
346.028294 8.2130 0.0583 7.9712 -0.0182 0.5903 0.0044 0.8070
346.131805 8.8402 0.0685 8.1340 -0.0187 0.6050 0.0029 0.7960
346.235421 9.4858 0.0775 8.2691 -0.0187 0.6191 0.0020 0.7851
346.339035 10.1545 0.0857 8.3863 -0.0184 0.6322 0.0010 0.7746
346.442654 10.8326 0.0935 8.4829 -0.0172 0.6445 0.0013 0.7644
346.546268 11.5300 0.1021 8.5661 -0.0160 0.6564 0.0015 0.7542
346.649908 12.2502 0.1095 8.6193 -0.0147 0.6673 0.0023 0.7446
346.753438 12.9912 0.1137 8.6689 -0.0140 0.6780 0.0027 0.7349
346.857011 13.7480 0.1213 8.6925 -0.0117 0.6880 0.0036 0.7256
346.960606 14.5202 0.1270 8.6912 -0.0090 0.6969 0.0055 0.7171
347.064350 15.3091 0.1359 8.6719 -0.0057 0.7057 0.0084 0.7085
347.167832 16.1215 0.1452 8.6310 -0.0044 0.7132 0.0115 0.7008
347.271452 16.9619 0.1508 8.5896 -0.0037 0.7205 0.0148 0.6933
347.375062 17.8000 0.1616 8.5330 -0.0036 0.7268 0.0159 0.6866
347.478594 18.6619 0.1703 8.4658 -0.0034 0.7326 0.0148 0.6804
347.582173 19.5297 0.1816 8.3840 -0.0022 0.7385 0.0130 0.6742
347.685789 20.4452 0.1954 8.2932 -0.0022 0.7444 0.0114 0.6676
347.789423 21.3542 0.2005 8.1777 -0.0033 0.7504 0.0116 0.6609
347.893020 22.3118 0.2057 8.0475 -0.0030 0.7558 0.0133 0.6547
347.996509 23.2349 0.2114 7.8868 -0.0015 0.7603 0.0144 0.6494
348.100125 24.1656 0.2199 7.7288 0.0019 0.7643 0.0145 0.6447
348.203616 25.1135 0.2254 7.5498 0.0047 0.7674 0.0128 0.6411
348.307232 26.0697 0.2280 7.3593 0.0073 0.7701 0.0120 0.6378
348.410848 27.0547 0.2318 7.1679 0.0083 0.7724 0.0118 0.6349
348.514336 28.0562 0.2386 6.9815 0.0074 0.7740 0.0120 0.6330
348.617856 29.0743 0.2447 6.7692 0.0067 0.7750 0.0130 0.6317
348.721316 30.0935 0.2456 6.5600 0.0077 0.7766 0.0139 0.6298
348.824933 31.1240 0.2494 6.3439 0.0070 0.7778 0.0137 0.6284
348.928558 32.1704 0.2522 6.1177 0.0066 0.7785 0.0133 0.6274
349.032039 33.2197 0.2576 5.8727 0.0072 0.7792 0.0137 0.6266
349.135779 34.2788 0.2602 5.6372 0.0076 0.7802 0.0132 0.6254
349.239396 35.3349 0.2611 5.4099 0.0065 0.7811 0.0117 0.6242
349.343012 36.3931 0.2624 5.1872 0.0056 0.7823 0.0113 0.6228
349.446627 37.4610 0.2633 4.9498 0.0043 0.7831 0.0109 0.6218
349.550244 38.5314 0.2670 4.7013 0.0043 0.7840 0.0103 0.6207
349.653859 39.6208 0.2668 4.4606 0.0033 0.7851 0.0100 0.6193
349.757471 40.7051 0.2682 4.2120 0.0020 0.7863 0.0098 0.6178
349.861090 41.7795 0.2713 3.9469 0.0017 0.7870 0.0092 0.6169
349.964707 42.8753 0.2783 3.6817 0.0017 0.7876 0.0087 0.6161
350.068320 43.9618 0.2822 3.4135 0.0009 0.7883 0.0085 0.6152
350.172066 45.0491 0.2856 3.1506 -0.0005 0.7891 0.0091 0.6142
350.275682 46.1446 0.2881 2.8892 -0.0012 0.7901 0.0087 0.6130
350.379425 47.2378 0.2876 2.6063 -0.0016 0.7909 0.0077 0.6119
350.483037 48.3341 0.2922 2.3345 -0.0016 0.7919 0.0070 0.6105
350.586772 49.4357 0.2891 2.0446 -0.0029 0.7926 0.0069 0.6097
350.690408 50.5269 0.2900 1.7530 -0.0030 0.7934 0.0068 0.6087
350.794130 51.6152 0.2931 1.4698 -0.0027 0.7942 0.0068 0.6077
350.897717 52.7083 0.2961 1.1823 -0.0032 0.7947 0.0075 0.6069
351.001912 53.7746 0.2977 0.8963 -0.0043 0.7952 0.0078 0.6063
351.104935 54.8667 0.3023 0.6120 -0.0051 0.7958 0.0076 0.6055
351.208563 55.9511 0.3096 0.3100 -0.0057 0.7962 0.0074 0.6049
351.312084 57.0306 0.3105 0.0134 -0.0059 0.7967 0.0083 0.6043
351.415740 58.1211 0.3200 -0.2927 -0.0057 0.7970 0.0092 0.6038
351.519370 59.1749 0.3189 -0.5874 -0.0057 0.7974 0.0103 0.6033
351.622990 60.2137 0.3244 -0.8776 -0.0054 0.7979 0.0109 0.6027
351.726669 61.2693 0.3299 -1.1655 -0.0049 0.7985 0.0103 0.6019
351.830282 62.3153 0.3345 -1.4631 -0.0043 0.7990 0.0094 0.6013
351.934116 63.3810 0.3367 -1.7604 -0.0038 0.7992 0.0089 0.6010
352.037516 64.4404 0.3419 -2.0543 -0.0036 0.7993 0.0091 0.6008
352.141256 65.4845 0.3459 -2.3546 -0.0034 0.7993 0.0104 0.6008
352.244879 66.5246 0.3520 -2.6471 -0.0035 0.7993 0.0111 0.6008
352.348910 67.5766 0.3578 -2.9440 -0.0037 0.7993 0.0112 0.6008
352.452511 68.6045 0.3611 -3.2138 -0.0040 0.7995 0.0110 0.6006
352.555863 69.6279 0.3688 -3.4982 -0.0041 0.7995 0.0102 0.6005
352.659483 70.6471 0.3771 -3.7885 -0.0044 0.7996 0.0097 0.6004
352.763069 71.6620 0.3825 -4.0782 -0.0049 0.7996 0.0091 0.6004
352.866814 72.6872 0.3893 -4.3634 -0.0047 0.7996 0.0088 0.6004
352.970455 73.6911 0.3929 -4.6532 -0.0039 0.7997 0.0091 0.6004
353.074046 74.6824 0.3981 -4.9221 -0.0037 0.7999 0.0091 0.6000
353.177533 75.7092 0.4006 -5.2055 -0.0038 0.8002 0.0087 0.5997
353.281148 76.7002 0.4032 -5.4916 -0.0036 0.8005 0.0083 0.5992
353.384891 77.6901 0.4014 -5.7782 -0.0032 0.8012 0.0078 0.5984
353.488506 78.6844 0.4009 -6.0711 -0.0020 0.8017 0.0066 0.5977
353.592120 79.6619 0.4041 -6.3628 -0.0011 0.8024 0.0052 0.5968
353.695872 80.6427 0.4075 -6.6543 0.0007 0.8030 0.0054 0.5959
353.799478 81.6128 0.4081 -6.9430 0.0004 0.8038 0.0055 0.5949
353.903091 82.5392 0.4032 -7.2398 0.0011 0.8045 0.0070 0.5939
354.006711 83.4700 0.3965 -7.5329 0.0012 0.8052 0.0084 0.5929
354.110452 84.3831 0.3981 -7.8119 0.0013 0.8062 0.0084 0.5915
354.214064 85.2684 0.3948 -8.0852 0.0010 0.8074 0.0083 0.5900
354.317804 86.1391 0.3950 -8.3644 0.0019 0.8084 0.0083 0.5886
354.421422 86.9920 0.3876 -8.6553 0.0031 0.8093 0.0089 0.5873
354.525161 87.8214 0.3904 -8.9297 0.0036 0.8101 0.0094 0.5862
354.628775 88.6365 0.3852 -9.1876 0.0050 0.8104 0.0095 0.5857
354.732389 89.4279 0.3805 -9.4630 0.0070 0.8099 0.0102 0.5865
354.836022 90.2044 0.3804 -9.7151 0.0083 0.8091 0.0103 0.5875
354.939517 90.9671 0.3781 -9.9696 0.0089 0.8078 0.0116 0.5893
355.043121 91.7165 0.3761 -10.1993 0.0091 0.8061 0.0134 0.5916
355.146603 92.4515 0.3723 -10.4262 0.0099 0.8035 0.0148 0.5950
355.250219 93.1664 0.3709 -10.6371 0.0108 0.8002 0.0149 0.5994
355.353710 93.8659 0.3721 -10.8194 0.0117 0.7966 0.0145 0.6042
355.457199 94.5476 0.3719 -10.9895 0.0120 0.7923 0.0146 0.6098
355.560814 95.2169 0.3709 -11.1439 0.0119 0.7874 0.0153 0.6161
355.664305 95.8514 0.3676 -11.2774 0.0117 0.7817 0.0163 0.6234
355.767796 96.4696 0.3669 -11.3856 0.0121 0.7743 0.0179 0.6324
355.871154 97.0744 0.3634 -11.4738 0.0134 0.7643 0.0196 0.6444
355.974524 97.6572 0.3637 -11.5322 0.0142 0.7518 0.0204 0.6589
356.077907 98.2169 0.3624 -11.5627 0.0145 0.7367 0.0204 0.6757
356.181133 98.7516 0.3601 -11.5506 0.0144 0.7190 0.0199 0.6946
356.284367 99.2526 0.3590 -11.5063 0.0134 0.6989 0.0184 0.7149
356.387610 99.7502 0.3570 -11.4213 0.0133 0.6762 0.0177 0.7364
356.490974 100.2070 0.3487 -11.3215 0.0129 0.6514 0.0175 0.7584
356.594218 100.6719 0.3464 -11.1873 0.0136 0.6242 0.0188 0.7809
356.697603 101.1329 0.3423 -11.0085 0.0127 0.5951 0.0196 0.8033
356.800948 101.5737 0.3408 -10.8004 0.0121 0.5645 0.0193 0.8251
356.904336 101.9901 0.3393 -10.5464 0.0113 0.5333 0.0163 0.8457
357.008244 102.3866 0.3382 -10.2794 0.0108 0.5013 0.0157 0.8651
357.111306 102.7672 0.3365 -9.9743 0.0089 0.4691 0.0160 0.8830
357.214918 103.1183 0.3392 -9.6382 0.0060 0.4370 0.0157 0.8993
357.318403 103.4416 0.3363 -9.2761 0.0020 0.4045 0.0141 0.9144
357.422246 103.7442 0.3358 -8.8891 -0.0009 0.3730 0.0112 0.9277
357.525915 104.0339 0.3334 -8.4813 -0.0026 0.3434 0.0101 0.9391
357.629649 104.3086 0.3309 -8.0532 -0.0023 0.3157 0.0093 0.9488
357.733390 104.5564 0.3267 -7.6074 -0.0015 0.2905 0.0088 0.9568
357.837248 104.7895 0.3266 -7.1458 0.0001 0.2681 0.0059 0.9634
357.941170 105.0121 0.3266 -6.6635 0.0015 0.2490 0.0025 0.9685
358.045087 105.2271 0.3279 -6.1600 0.0006 0.2331 -0.0030 0.9724
358.149085 105.4412 0.3260 -5.6363 -0.0009 0.2199 -0.0048 0.9755
358.253086 105.6583 0.3220 -5.1133 -0.0028 0.2081 -0.0046 0.9781
358.357057 105.8752 0.3203 -4.5662 -0.0040 0.1981 -0.0027 0.9802
358.461048 106.0915 0.3205 -4.0118 -0.0044 0.1893 -0.0022 0.9819
358.565052 106.2870 0.3203 -3.4464 -0.0034 0.1822 -0.0036 0.9832
358.668915 106.4680 0.3169 -2.8712 -0.0029 0.1763 -0.0064 0.9843
358.772809 106.6690 0.3156 -2.2784 -0.0016 0.1716 -0.0055 0.9852
358.876642 106.8754 0.3110 -1.6718 -0.0011 0.1678 -0.0028 0.9858
358.980519 107.0920 0.3117 -1.0447 -0.0007 0.1649 -0.0021 0.9863
359.084242 107.3124 0.3098 -0.3938 -0.0004 0.1634 -0.0023 0.9866
359.188104 107.5078 0.3072 0.2587 0.0004 0.1629 -0.0019 0.9866
359.291743 107.7560 0.3095 0.9428 0.0020 0.1601 -0.0010 0.9871
359.395459 107.9876 0.3071 1.6425 0.0030 0.1576 0.0020 0.9875
359.499077 108.2236 0.3078 2.3572 0.0045 0.1546 0.0041 0.9880
359.602816 108.4510 0.3069 3.0960 0.0042 0.1517 0.0038 0.9884
359.706695 108.6761 0.3053 3.8567 0.0043 0.1487 0.0034 0.9889
359.810065 108.8996 0.3031 4.6321 0.0048 0.1457 0.0034 0.9893
359.913663 109.1251 0.3020 5.4282 0.0059 0.1434 0.0033 0.9896
360.017407 109.3511 0.2981 6.2395 0.0069 0.1418 0.0023 0.9899
360.121296 109.5866 0.2931 7.0754 0.0077 0.1403 0.0035 0.9901
360.224642 109.8243 0.2853 7.9253 0.0071 0.1393 0.0063 0.9902
360.328379 110.0805 0.2793 8.7894 0.0057 0.1374 0.0072 0.9905
360.431995 110.3227 0.2752 9.6556 0.0046 0.1359 0.0089 0.9907
360.535613 110.5752 0.2788 10.5586 0.0048 0.1342 0.0097 0.9909
360.639397 110.8148 0.2736 11.4764 0.0039 0.1329 0.0075 0.9911
360.742963 111.0643 0.2703 12.4134 0.0019 0.1316 0.0043 0.9913
360.846701 111.3003 0.2687 13.3766 -0.0004 0.1314 0.0014 0.9913
360.950466 111.5476 0.2659 14.3483 -0.0009 0.1314 -0.0008 0.9913
361.054059 111.8045 0.2588 15.3212 0.0018 0.1316 -0.0008 0.9913
361.157677 112.0544 0.2531 16.2937 0.0040 0.1320 -0.0008 0.9912
361.261444 112.3237 0.2514 17.2646 0.0044 0.1319 0.0017 0.9912
361.365058 112.5870 0.2438 18.2710 0.0035 0.1324 0.0030 0.9912
361.468697 112.8456 0.2356 19.2626 0.0040 0.1328 0.0015 0.9911
361.572406 113.1122 0.2295 20.2808 0.0038 0.1330 -0.0002 0.9911
361.675998 113.3868 0.2255 21.2961 0.0039 0.1329 -0.0005 0.9911
361.779619 113.6471 0.2148 22.3152 0.0041 0.1330 -0.0006 0.9911
361.883234 113.9074 0.2015 23.3263 0.0059 0.1328 0.0009 0.9911
361.986851 114.1906 0.1920 24.3552 0.0072 0.1318 0.0026 0.9912
362.090468 114.4636 0.1813 25.3800 0.0081 0.1308 0.0036 0.9914
362.194207 114.7208 0.1684 26.4023 0.0084 0.1301 0.0033 0.9915
362.297821 114.9792 0.1576 27.4263 0.0061 0.1297 0.0019 0.9915
362.401463 115.2431 0.1521 28.4629 0.0048 0.1298 0.0010 0.9915
362.505051 115.5059 0.1373 29.4941 0.0057 0.1300 -0.0001 0.9915
362.608795 115.7731 0.1258 30.5270 0.0076 0.1302 -0.0003 0.9915
362.712409 116.0600 0.1114 31.5376 0.0081 0.1302 0.0019 0.9915
362.816152 116.3256 0.1026 32.5765 0.0054 0.1312 0.0050 0.9913
362.919763 116.6055 0.0883 33.6184 0.0024 0.1318 0.0063 0.9913
363.023384 116.8785 0.0759 34.6302 0.0021 0.1321 0.0053 0.9912
363.127121 117.1535 0.0675 35.6383 0.0039 0.1324 0.0044 0.9912
363.230739 117.4137 0.0533 36.6479 0.0053 0.1330 0.0018 0.9911
363.334354 117.6927 0.0422 37.6609 0.0053 0.1333 0.0008 0.9911
363.438083 117.9704 0.0342 38.6905 0.0028 0.1336 0.0009 0.9910
363.541585 118.2434 0.0245 39.7250 0.0008 0.1341 0.0000 0.9910
363.645199 118.5203 0.0150 40.7564 0.0018 0.1340 0.0002 0.9910
363.748837 118.7991 0.0083 41.7825 0.0040 0.1341 0.0008 0.9910
363.852552 119.0799 0.0016 42.8012 0.0049 0.1345 0.0022 0.9909
363.956169 119.3560 -0.0022 43.8543 0.0030 0.1350 0.0035 0.9908
364.059786 119.6506 -0.0118 44.9006 0.0008 0.1350 0.0049 0.9908
364.163399 119.9369 -0.0184 45.9582 0.0008 0.1352 0.0062 0.9908
364.267142 120.2415 -0.0207 47.0047 0.0024 0.1352 0.0083 0.9908
364.370757 120.5410 -0.0249 48.0585 0.0023 0.1351 0.0097 0.9908
364.474373 120.8142 -0.0338 49.1207 0.0014 0.1357 0.0106 0.9907
364.578127 121.1187 -0.0398 50.1928 0.0020 0.1354 0.0124 0.9907
364.681751 121.4127 -0.0473 51.2697 0.0037 0.1351 0.0126 0.9908
364.785366 121.7021 -0.0526 52.3547 0.0063 0.1352 0.0134 0.9907
364.888849 122.0007 -0.0626 53.4299 0.0072 0.1348 0.0128 0.9908
364.992573 122.2797 -0.0720 54.5242 0.0064 0.1350 0.0113 0.9908
365.096187 122.5697 -0.0820 55.6164 0.0042 0.1352 0.0119 0.9907
365.199806 122.8757 -0.0905 56.7348 0.0023 0.1350 0.0112 0.9908
365.303424 123.1840 -0.0960 57.8606 0.0006 0.1355 0.0118 0.9907
365.407047 123.4990 -0.1020 58.9770 -0.0004 0.1357 0.0127 0.9907
365.510648 123.8171 -0.1051 60.0917 0.0014 0.1360 0.0125 0.9906
365.614244 124.1279 -0.1099 61.2289 0.0039 0.1364 0.0125 0.9906
365.717768 124.4424 -0.1151 62.3499 0.0039 0.1365 0.0124 0.9906
365.821533 124.7464 -0.1234 63.4725 0.0035 0.1366 0.0128 0.9905
365.924989 125.0592 -0.1309 64.6090 0.0054 0.1361 0.0125 0.9906
366.028644 125.3783 -0.1382 65.7459 0.0076 0.1354 0.0126 0.9907
366.132222 125.6928 -0.1507 66.8926 0.0085 0.1349 0.0131 0.9907
366.235834 126.0049 -0.1665 68.0270 0.0074 0.1345 0.0134 0.9908
366.339452 126.3042 -0.1824 69.1626 0.0051 0.1341 0.0133 0.9909
366.443063 126.6142 -0.1914 70.3097 0.0036 0.1334 0.0136 0.9910
366.546691 126.9180 -0.2036 71.4376 0.0041 0.1327 0.0120 0.9911
366.650228 127.2087 -0.2173 72.5560 0.0086 0.1324 0.0111 0.9911
366.753786 127.5046 -0.2328 73.6803 0.0128 0.1318 0.0087 0.9912
366.857403 127.8131 -0.2486 74.7914 0.0129 0.1307 0.0084 0.9913
366.960896 128.0983 -0.2669 75.9089 0.0101 0.1301 0.0087 0.9914
367.064502 128.3952 -0.2805 77.0353 0.0074 0.1299 0.0102 0.9915
367.168125 128.6872 -0.2943 78.1384 0.0040 0.1297 0.0101 0.9915
367.271617 128.9794 -0.3034 79.2581 0.0029 0.1298 0.0103 0.9915
367.375234 129.2831 -0.3108 80.3834 0.0035 0.1296 0.0099 0.9915
367.478995 129.5650 -0.3183 81.5040 0.0035 0.1304 0.0098 0.9914
367.582460 129.8671 -0.3245 82.6182 0.0036 0.1306 0.0097 0.9914
367.686200 130.1643 -0.3338 83.7330 0.0066 0.1310 0.0093 0.9913
367.789969 130.4735 -0.3501 84.8439 0.0113 0.1308 0.0082 0.9913
367.893431 130.7606 -0.3620 85.9519 0.0130 0.1312 0.0075 0.9912
367.997449 131.0623 -0.3803 87.0636 0.0104 0.1312 0.0066 0.9913
368.100766 131.3522 -0.3947 88.1781 0.0060 0.1315 0.0039 0.9913
368.204295 131.6327 -0.4045 89.2910 0.0013 0.1325 0.0034 0.9912
368.307978 131.9360 -0.4116 90.4022 -0.0015 0.1329 0.0045 0.9911
368.411570 132.2354 -0.4138 91.5044 -0.0014 0.1332 0.0035 0.9911
368.515218 132.5296 -0.4234 92.5795 0.0040 0.1333 0.0066 0.9910
368.618863 132.8333 -0.4374 93.6456 0.0126 0.1332 0.0099 0.9910
368.722480 133.1351 -0.4524 94.7188 0.0164 0.1330 0.0102 0.9909
368.826098 133.4169 -0.4699 95.8028 0.0133 0.1332 0.0111 0.9909
368.929734 133.7090 -0.4891 96.8945 0.0070 0.1331 0.0120 0.9910
369.033550 134.0100 -0.5013 97.9756 0.0025 0.1328 0.0119 0.9911
369.137076 134.2756 -0.5080 99.0245 -0.0012 0.1331 0.0109 0.9910
369.240742 134.5623 -0.5127 100.1000 -0.0034 0.1326 0.0106 0.9911
369.344279 134.8425 -0.5177 101.1599 -0.0020 0.1326 0.0095 0.9911
369.447909 135.1211 -0.5278 102.2300 0.0012 0.1324 0.0069 0.9912
369.551553 135.4107 -0.5341 103.2775 0.0052 0.1326 0.0062 0.9911
369.655271 135.6999 -0.5472 104.3196 0.0082 0.1330 0.0061 0.9911
369.758882 135.9711 -0.5605 105.3249 0.0113 0.1343 0.0058 0.9909
369.862625 136.2669 -0.5729 106.3583 0.0123 0.1350 0.0070 0.9907
369.966242 136.5545 -0.5883 107.3957 0.0099 0.1356 0.0078 0.9907
370.069985 136.8465 -0.6028 108.4318 0.0050 0.1359 0.0082 0.9907
370.173657 137.1207 -0.6127 109.4502 0.0004 0.1358 0.0073 0.9907
370.277214 137.3976 -0.6190 110.4731 -0.0015 0.1352 0.0051 0.9908
370.380848 137.6568 -0.6275 111.4716 -0.0003 0.1351 0.0019 0.9908
370.484502 137.9236 -0.6381 112.4608 0.0030 0.1345 0.0002 0.9909
370.588147 138.1902 -0.6507 113.4280 0.0077 0.1334 0.0011 0.9910
370.691676 138.4402 -0.6673 114.3698 0.0102 0.1325 0.0020 0.9911
370.795413 138.6981 -0.6843 115.3169 0.0108 0.1315 0.0043 0.9912
370.899245 138.9417 -0.7020 116.2524 0.0079 0.1308 0.0065 0.9914
371.002647 139.2018 -0.7177 117.1682 0.0056 0.1295 0.0087 0.9915
371.106420 139.4352 -0.7318 118.0581 0.0065 0.1289 0.0097 0.9916
371.210023 139.6557 -0.7404 118.9220 0.0102 0.1286 0.0092 0.9916
371.313643 139.8829 -0.7508 119.7726 0.0122 0.1281 0.0094 0.9916
371.417362 140.0750 -0.7667 120.5991 0.0123 0.1277 0.0070 0.9917
371.520975 140.2758 -0.7806 121.4256 0.0118 0.1274 0.0055 0.9918
371.624717 140.5429 -0.7986 122.2676 0.0121 0.1259 0.0067 0.9920
371.728344 140.7619 -0.8075 123.0699 0.0112 0.1246 0.0043 0.9921
371.832089 140.9401 -0.8188 123.8526 0.0084 0.1242 0.0009 0.9922
371.935686 141.1321 -0.8292 124.6151 0.0043 0.1226 0.0004 0.9925
372.039304 141.2943 -0.8422 125.3319 0.0026 0.1214 0.0009 0.9926
372.143066 141.4587 -0.8521 126.0392 0.0037 0.1204 0.0006 0.9927
372.246653 141.5998 -0.8648 126.7072 0.0057 0.1197 -0.0006 0.9928
372.350401 141.7590 -0.8747 127.3623 0.0077 0.1184 0.0007 0.9929
372.454014 141.9141 -0.8817 128.0044 0.0065 0.1167 -0.0001 0.9931
372.557756 142.0530 -0.8907 128.6177 0.0035 0.1165 -0.0003 0.9932
372.661371 142.1864 -0.8967 129.2060 0.0012 0.1165 -0.0034 0.9932
372.765106 142.3168 -0.9093 129.7759 0.0002 0.1170 -0.0046 0.9931
372.868726 142.4417 -0.9193 130.3302 -0.0006 0.1186 -0.0062 0.9929
372.972465 142.5755 -0.9254 130.8682 -0.0002 0.1217 -0.0069 0.9925
373.076082 142.7138 -0.9297 131.3867 0.0012 0.1254 -0.0081 0.9921
373.179824 142.8431 -0.9346 131.8928 0.0028 0.1309 -0.0097 0.9913
373.283685 142.9732 -0.9457 132.3592 0.0026 0.1385 -0.0113 0.9903
373.387508 143.1179 -0.9502 132.8156 0.0023 0.1482 -0.0114 0.9889
373.491166 143.2828 -0.9553 133.2485 0.0019 0.1600 -0.0092 0.9871
373.595031 143.4619 -0.9608 133.6700 0.0026 0.1735 -0.0060 0.9848
373.698906 143.6434 -0.9672 134.0697 0.0040 0.1896 -0.0052 0.9818
373.802948 143.8282 -0.9737 134.4771 0.0045 0.2085 -0.0050 0.9780
373.906871 144.0346 -0.9767 134.8655 0.0050 0.2280 -0.0041 0.9736
374.010787 144.2752 -0.9813 135.2282 0.0063 0.2475 -0.0006 0.9689
374.114595 144.5183 -0.9862 135.5807 0.0082 0.2678 0.0027 0.9634
374.218593 144.7842 -0.9879 135.9152 0.0103 0.2886 0.0064 0.9574
374.322389 145.0622 -0.9964 136.2376 0.0107 0.3096 0.0084 0.9508
374.426185 145.3478 -1.0051 136.5410 0.0101 0.3303 0.0094 0.9438
374.529981 145.6565 -1.0046 136.8302 0.0099 0.3512 0.0124 0.9362
374.633690 145.9774 -1.0048 137.1088 0.0094 0.3739 0.0141 0.9273
374.737530 146.3160 -1.0088 137.3726 0.0096 0.3984 0.0158 0.9170
374.841173 146.6763 -1.0090 137.6226 0.0095 0.4231 0.0170 0.9059
374.945052 147.0539 -1.0080 137.8693 0.0090 0.4480 0.0182 0.8938
375.048681 147.4509 -1.0135 138.0949 0.0076 0.4731 0.0180 0.8808
375.152292 147.8725 -1.0147 138.3054 0.0071 0.4984 0.0181 0.8668
375.256016 148.3025 -1.0163 138.4964 0.0068 0.5237 0.0160 0.8517
375.359620 148.7512 -1.0132 138.6531 0.0086 0.5482 0.0145 0.8362
375.463236 149.2158 -1.0076 138.7838 0.0109 0.5714 0.0129 0.8205
375.566861 149.7080 -1.0066 138.9162 0.0123 0.5942 0.0116 0.8042
375.670461 150.2083 -1.0063 139.0189 0.0129 0.6159 0.0111 0.7876
375.774550 150.7266 -1.0051 139.0890 0.0121 0.6367 0.0108 0.7710
375.877726 151.2628 -1.0015 139.1375 0.0111 0.6559 0.0113 0.7547
375.981193 151.8193 -0.9992 139.1583 0.0110 0.6740 0.0128 0.7386
376.084805 152.3843 -0.9961 139.1449 0.0114 0.6911 0.0147 0.7225
376.188443 152.9539 -1.0008 139.1219 0.0100 0.7073 0.0154 0.7066
376.292032 153.5385 -1.0045 139.0846 0.0092 0.7217 0.0136 0.6920
376.395525 154.1235 -1.0019 139.0146 0.0109 0.7339 0.0120 0.6790
376.499037 154.7222 -1.0009 138.9273 0.0140 0.7446 0.0122 0.6672
376.602382 155.3306 -1.0005 138.8169 0.0168 0.7537 0.0134 0.6569
376.705869 155.9622 -0.9871 138.6899 0.0180 0.7616 0.0143 0.6477
376.809239 156.5904 -0.9890 138.5508 0.0194 0.7681 0.0163 0.6398
376.912605 157.2428 -0.9905 138.4169 0.0193 0.7740 0.0162 0.6327
377.015966 157.9143 -0.9930 138.2681 0.0196 0.7788 0.0171 0.6267
377.119331 158.5994 -0.9894 138.0886 0.0199 0.7823 0.0182 0.6223
377.222822 159.3053 -0.9850 137.9101 0.0209 0.7851 0.0207 0.6187
377.326188 160.0604 -0.9823 137.7194 0.0209 0.7876 0.0222 0.6155
377.429696 160.7916 -0.9860 137.5419 0.0201 0.7900 0.0218 0.6124
377.533196 161.5465 -0.9829 137.3486 0.0223 0.7925 0.0208 0.6090
377.636792 162.3276 -0.9761 137.1341 0.0253 0.7950 0.0198 0.6057
377.740279 163.1160 -0.9773 136.9105 0.0272 0.7971 0.0171 0.6030
377.843895 163.9357 -0.9786 136.6710 0.0301 0.7985 0.0163 0.6011
377.947384 164.7801 -0.9824 136.4131 0.0320 0.7989 0.0168 0.6004
378.050999 165.6199 -0.9865 136.1694 0.0308 0.7995 0.0182 0.5997
378.154558 166.5171 -0.9819 135.9049 0.0274 0.7995 0.0191 0.5997
378.257978 167.4139 -0.9806 135.6426 0.0241 0.7990 0.0226 0.6004
378.361613 168.3459 -0.9783 135.3768 0.0210 0.7988 0.0240 0.6008
378.465235 169.2598 -0.9759 135.1125 0.0216 0.7988 0.0233 0.6008
378.568835 170.1789 -0.9729 134.8455 0.0257 0.7986 0.0203 0.6010
378.672452 171.0940 -0.9756 134.5779 0.0280 0.7985 0.0186 0.6011
378.776114 172.0299 -0.9818 134.2948 0.0295 0.7982 0.0192 0.6014
378.879739 172.9762 -0.9858 134.0231 0.0289 0.7979 0.0210 0.6017
378.983414 173.9503 -0.9918 133.7491 0.0279 0.7976 0.0216 0.6022
379.086921 174.9309 -0.9951 133.4665 0.0269 0.7967 0.0246 0.6032
379.190543 175.8828 -1.0006 133.1908 0.0259 0.7954 0.0281 0.6048
379.294135 176.8547 -1.0010 132.9255 0.0234 0.7945 0.0284 0.6061
379.397751 177.8284 -1.0075 132.6590 0.0249 0.7935 0.0263 0.6075
379.501360 178.7712 -1.0041 132.4201 0.0272 0.7926 0.0238 0.6087
379.604981 179.7317 -1.0069 132.1735 0.0279 0.7917 0.0226 0.6099
379.708598 180.7011 -1.0105 131.9283 0.0277 0.7910 0.0252 0.6107
379.812209 181.6798 -1.0124 131.6702 0.0256 0.7899 0.0280 0.6120
379.915828 182.6291 -1.0096 131.4299 0.0239 0.7893 0.0291 0.6129
380.019445 183.6276 -1.0041 131.1577 0.0244 0.7887 0.0277 0.6136
380.123078 184.5671 -1.0137 130.9467 0.0265 0.7889 0.0264 0.6133
380.226677 185.5132 -1.0166 130.7060 0.0285 0.7888 0.0248 0.6135
380.330292 186.4613 -1.0169 130.4595 0.0313 0.7887 0.0228 0.6135
380.434029 187.4153 -1.0211 130.2187 0.0325 0.7891 0.0210 0.6131
380.537646 188.3615 -1.0237 129.9860 0.0321 0.7895 0.0240 0.6125
380.641261 189.3177 -1.0291 129.7388 0.0313 0.7898 0.0282 0.6120
380.745000 190.2487 -1.0333 129.4945 0.0303 0.7902 0.0288 0.6114
380.848618 191.1940 -1.0335 129.2546 0.0300 0.7906 0.0273 0.6109
380.952233 192.1193 -1.0385 129.0094 0.0317 0.7908 0.0278 0.6106
381.055847 193.0474 -1.0459 128.7490 0.0332 0.7908 0.0280 0.6105
381.159589 193.9756 -1.0493 128.5147 0.0332 0.7912 0.0267 0.6101
381.263203 194.8935 -1.0527 128.2603 0.0344 0.7907 0.0287 0.6106
381.366817 195.8069 -1.0566 128.0227 0.0343 0.7902 0.0321 0.6110
381.470434 196.7130 -1.0578 127.7943 0.0333 0.7901 0.0327 0.6113
381.574176 197.6397 -1.0587 127.5443 0.0335 0.7895 0.0320 0.6120
381.677791 198.5373 -1.0596 127.3230 0.0335 0.7891 0.0321 0.6125
381.781430 199.4598 -1.0571 127.0951 0.0315 0.7889 0.0327 0.6128
381.885140 200.3437 -1.0606 126.8817 0.0296 0.7887 0.0325 0.6132
381.988759 201.2255 -1.0618 126.6569 0.0297 0.7884 0.0316 0.6136
382.092528 202.0886 -1.0625 126.4325 0.0303 0.7882 0.0314 0.6139
382.196006 202.9263 -1.0669 126.2178 0.0308 0.7879 0.0317 0.6142
382.299606 203.7557 -1.0707 126.0062 0.0308 0.7878 0.0311 0.6144
382.403352 204.5539 -1.0754 125.8017 0.0304 0.7876 0.0307 0.6146
382.507433 205.3441 -1.0762 125.5967 0.0311 0.7874 0.0313 0.6149
382.610751 206.1114 -1.0693 125.3998 0.0301 0.7873 0.0320 0.6151
382.714318 206.8400 -1.0702 125.2161 0.0284 0.7875 0.0315 0.6148
382.818025 207.5563 -1.0704 125.0322 0.0274 0.7882 0.0314 0.6140
382.921671 208.2489 -1.0657 124.8525 0.0277 0.7891 0.0326 0.6128
383.025357 208.8874 -1.0665 124.6766 0.0280 0.7899 0.0340 0.6116
383.129037 209.5020 -1.0672 124.5167 0.0273 0.7909 0.0345 0.6103
383.234652 210.0807 -1.0685 124.3575 0.0274 0.7922 0.0348 0.6087
383.336681 210.6377 -1.0669 124.1950 0.0277 0.7938 0.0343 0.6066
383.440042 211.1587 -1.0621 124.0373 0.0291 0.7956 0.0333 0.6043
383.543745 211.6581 -1.0630 123.8863 0.0306 0.7975 0.0327 0.6016
383.647375 212.1396 -1.0626 123.7400 0.0323 0.8000 0.0326 0.5983
383.751057 212.6047 -1.0529 123.5683 0.0320 0.8026 0.0318 0.5948
383.854738 213.0645 -1.0512 123.4286 0.0304 0.8069 0.0308 0.5892
383.958454 213.4969 -1.0507 123.2611 0.0288 0.8117 0.0296 0.5826
384.062219 213.9356 -1.0484 123.0887 0.0278 0.8176 0.0291 0.5744
384.166281 214.3652 -1.0477 122.9170 0.0275 0.8245 0.0290 0.5644
384.269852 214.7729 -1.0476 122.7223 0.0281 0.8321 0.0296 0.5532
384.375114 215.1770 -1.0479 122.5134 0.0283 0.8404 0.0293 0.5404
384.477140 215.5710 -1.0481 122.2894 0.0273 0.8494 0.0279 0.5263
384.581018 215.9529 -1.0369 122.0578 0.0265 0.8590 0.0254 0.5106
384.684819 216.3297 -1.0299 121.8148 0.0250 0.8691 0.0236 0.4934
384.788563 216.6927 -1.0327 121.5511 0.0227 0.8794 0.0229 0.4751
384.892244 217.0339 -1.0256 121.2727 0.0220 0.8895 0.0217 0.4558
384.996028 217.3622 -1.0256 120.9822 0.0208 0.8996 0.0196 0.4358
385.099801 217.6989 -1.0281 120.6938 0.0174 0.9100 0.0161 0.4140
385.203485 218.0164 -1.0248 120.3712 0.0171 0.9198 0.0149 0.3918
385.307143 218.3009 -1.0159 120.0154 0.0180 0.9288 0.0162 0.3698
385.410840 218.5917 -1.0126 119.6333 0.0189 0.9376 0.0185 0.3466
385.514546 218.8798 -1.0033 119.2381 0.0175 0.9462 0.0201 0.3224
385.618206 219.1382 -1.0012 118.8232 0.0157 0.9542 0.0218 0.2980
385.721825 219.3730 -0.9948 118.3911 0.0145 0.9616 0.0221 0.2733
385.825563 219.5869 -0.9926 117.9410 0.0138 0.9685 0.0221 0.2477
385.929290 219.7789 -0.9843 117.4830 0.0122 0.9749 0.0205 0.2214
386.032888 219.9521 -0.9773 117.0105 0.0114 0.9806 0.0172 0.1952
386.136760 220.0959 -0.9699 116.5396 0.0099 0.9854 0.0133 0.1693
386.240275 220.2060 -0.9641 116.0557 0.0131 0.9895 0.0120 0.1436
386.343762 220.2766 -0.9565 115.5587 0.0189 0.9927 0.0118 0.1189
386.447754 220.3340 -0.9503 115.0558 0.0221 0.9951 0.0120 0.0959
386.550876 220.3777 -0.9453 114.5500 0.0220 0.9969 0.0127 0.0743
386.654604 220.4163 -0.9392 114.0455 0.0200 0.9983 0.0134 0.0532
386.757945 220.4284 -0.9346 113.5405 0.0195 0.9992 0.0140 0.0328
386.861450 220.4079 -0.9272 113.0322 0.0213 0.9996 0.0146 0.0134
386.964933 220.3695 -0.9203 112.5284 0.0237 0.9996 0.0149 -0.0053
387.068421 220.3206 -0.9162 112.0259 0.0229 0.9994 0.0143 -0.0228
387.171908 220.2705 -0.9129 111.5202 0.0204 0.9989 0.0132 -0.0394
387.275469 220.1965 -0.9109 111.0162 0.0205 0.9982 0.0114 -0.0551
387.378892 220.0914 -0.9077 110.5063 0.0231 0.9972 0.0084 -0.0700
387.482382 219.9765 -0.9026 110.0088 0.0244 0.9962 0.0055 -0.0838
387.586022 219.8465 -0.8933 109.4921 0.0246 0.9950 0.0045 -0.0965
387.689386 219.7261 -0.8891 108.9850 0.0241 0.9939 0.0056 -0.1071
387.792852 219.5832 -0.8841 108.4545 0.0262 0.9930 0.0079 -0.1149
387.896243 219.4492 -0.8813 107.9345 0.0283 0.9922 0.0111 -0.1207
387.999585 219.3004 -0.8769 107.3991 0.0289 0.9916 0.0136 -0.1251
388.102949 219.1701 -0.8741 106.8942 0.0272 0.9912 0.0154 -0.1284
388.206442 219.0363 -0.8660 106.3824 0.0272 0.9909 0.0155 -0.1306
388.309808 218.8846 -0.8598 105.8665 0.0316 0.9908 0.0153 -0.1303
388.413047 218.7316 -0.8509 105.3480 0.0356 0.9911 0.0141 -0.1276
388.516412 218.6113 -0.8453 104.8347 0.0372 0.9916 0.0129 -0.1230
388.619655 218.4971 -0.8365 104.3099 0.0369 0.9924 0.0122 -0.1167
388.723017 218.3934 -0.8336 103.7812 0.0374 0.9933 0.0120 -0.1090
388.826258 218.2979 -0.8255 103.2448 0.0389 0.9942 0.0107 -0.0992
388.929649 218.2161 -0.8185 102.7275 0.0409 0.9953 0.0105 -0.0873
389.032988 218.1607 -0.8126 102.1902 0.0401 0.9964 0.0120 -0.0738
389.136232 218.1369 -0.8067 101.6743 0.0386 0.9975 0.0135 -0.0582
389.239599 218.1205 -0.8072 101.1521 0.0375 0.9984 0.0130 -0.0398
389.342836 218.1474 -0.8137 100.6170 0.0356 0.9991 0.0116 -0.0194
389.446202 218.1819 -0.8151 100.1152 0.0336 0.9994 0.0102 0.0033
389.549491 218.2459 -0.8135 99.6212 0.0305 0.9991 0.0088 0.0279
389.652809 218.3271 -0.8141 99.1471 0.0248 0.9982 0.0067 0.0544
389.756752 218.4585 -0.8137 98.6651 0.0179 0.9964 0.0055 0.0824
389.859523 218.6186 -0.8147 98.1972 0.0103 0.9937 0.0056 0.1119
389.962855 218.7952 -0.8171 97.7455 0.0049 0.9898 0.0054 0.1422
390.066139 219.0003 -0.8206 97.3136 0.0015 0.9848 0.0063 0.1733
390.169806 219.2252 -0.8159 96.8799 0.0010 0.9787 0.0100 0.2052
390.273014 219.4872 -0.8084 96.4632 -0.0003 0.9714 0.0136 0.2372
390.376748 219.7675 -0.8043 96.0584 -0.0017 0.9631 0.0173 0.2687
390.480103 220.0894 -0.7992 95.6762 -0.0057 0.9539 0.0179 0.2994
390.583598 220.4275 -0.7975 95.3370 -0.0067 0.9436 0.0175 0.3305
390.687325 220.7678 -0.7897 95.0008 -0.0040 0.9319 0.0153 0.3624
390.790712 221.1343 -0.7716 94.6754 0.0017 0.9191 0.0137 0.3938
390.894376 221.5243 -0.7613 94.3784 0.0064 0.9052 0.0130 0.4247
390.997952 221.9394 -0.7543 94.1216 0.0069 0.8911 0.0131 0.4535
391.101784 222.3766 -0.7560 93.8927 0.0052 0.8775 0.0134 0.4794
391.205359 222.8412 -0.7526 93.6795 0.0030 0.8644 0.0127 0.5027
391.309155 223.3083 -0.7516 93.4872 0.0023 0.8518 0.0115 0.5237
391.412898 223.7919 -0.7520 93.3025 0.0031 0.8398 0.0109 0.5428
391.516822 224.2894 -0.7486 93.1312 0.0038 0.8290 0.0091 0.5591
391.620724 224.8017 -0.7456 92.9642 0.0039 0.8197 0.0068 0.5727
391.724616 225.3135 -0.7471 92.8207 0.0024 0.8122 0.0042 0.5833
391.828641 225.8228 -0.7446 92.6891 0.0011 0.8066 0.0015 0.5910
391.932715 226.3642 -0.7445 92.5440 0.0006 0.8022 -0.0001 0.5970
392.036691 226.9405 -0.7472 92.4124 0.0014 0.7987 -0.0005 0.6018
392.140655 227.4804 -0.7460 92.2500 0.0030 0.7954 -0.0007 0.6061
392.244685 228.0823 -0.7464 92.0988 0.0029 0.7937 -0.0016 0.6083
392.348665 228.7046 -0.7441 91.9437 0.0025 0.7927 -0.0022 0.6096
392.452842 229.3296 -0.7462 91.7791 0.0020 0.7923 -0.0024 0.6101
392.556571 229.9640 -0.7512 91.5916 0.0023 0.7923 -0.0014 0.6101
392.660403 230.6403 -0.7509 91.4132 0.0030 0.7926 -0.0010 0.6097
392.764288 231.3309 -0.7525 91.2205 0.0046 0.7928 -0.0010 0.6094
392.868010 232.0447 -0.7574 91.0336 0.0066 0.7932 -0.0008 0.6090
392.971748 232.7615 -0.7688 90.8355 0.0071 0.7932 -0.0008 0.6089
393.075491 233.5264 -0.7699 90.6440 0.0072 0.7935 -0.0013 0.6086
393.179231 234.3093 -0.7731 90.4379 0.0071 0.7936 -0.0014 0.6085
393.282993 235.1072 -0.7776 90.2241 0.0076 0.7935 -0.0004 0.6085
393.386712 235.8874 -0.7793 90.0212 0.0092 0.7937 0.0005 0.6082
393.490325 236.7086 -0.7836 89.8002 0.0100 0.7936 0.0006 0.6083
393.594065 237.5481 -0.7889 89.5834 0.0110 0.7935 0.0010 0.6085
393.697682 238.4014 -0.7935 89.3638 0.0111 0.7929 0.0018 0.6093
393.801365 239.2740 -0.7959 89.1416 0.0113 0.7921 0.0030 0.6103
393.904915 240.1575 -0.7996 88.9102 0.0115 0.7910 0.0040 0.6116
394.008556 241.0557 -0.8078 88.6865 0.0120 0.7900 0.0029 0.6129
394.112152 241.9683 -0.8136 88.4774 0.0131 0.7892 0.0004 0.6140
394.215890 242.8939 -0.8241 88.2546 0.0144 0.7885 -0.0008 0.6149
394.319510 243.8523 -0.8317 88.0229 0.0140 0.7880 0.0005 0.6156
394.423248 244.8262 -0.8415 87.7839 0.0130 0.7874 0.0035 0.6163
394.526953 245.8040 -0.8501 87.5595 0.0123 0.7872 0.0063 0.6165
394.630604 246.8069 -0.8539 87.3063 0.0133 0.7868 0.0074 0.6170
394.734216 247.8097 -0.8611 87.0774 0.0136 0.7866 0.0066 0.6172
394.837876 248.8455 -0.8662 86.8225 0.0139 0.7864 0.0052 0.6176
394.941595 249.9004 -0.8761 86.5752 0.0138 0.7864 0.0044 0.6176
395.045212 250.9517 -0.8838 86.3287 0.0120 0.7867 0.0031 0.6172
395.148949 252.0144 -0.8947 86.0768 0.0110 0.7870 0.0014 0.6168
395.252545 253.0808 -0.9092 85.8292 0.0107 0.7871 0.0009 0.6167
395.356287 254.0713 -0.9267 85.5487 0.0093 0.7871 -0.0003 0.6168
395.459913 255.1315 -0.9398 85.3005 0.0094 0.7875 -0.0002 0.6162
395.563513 256.1798 -0.9502 85.0361 0.0102 0.7875 0.0002 0.6162
395.667276 257.2388 -0.9563 84.7650 0.0113 0.7875 0.0017 0.6161
395.770879 258.2754 -0.9725 84.5054 0.0142 0.7876 0.0050 0.6161
395.874549 259.3015 -0.9828 84.2452 0.0149 0.7874 0.0054 0.6162
395.978241 260.3305 -0.9935 83.9756 0.0163 0.7871 0.0064 0.6166
396.081806 261.3652 -1.0173 83.7184 0.0166 0.7860 0.0089 0.6179
396.185335 262.4093 -1.0269 83.4937 0.0142 0.7852 0.0097 0.6191
396.289230 263.4571 -1.0326 83.2353 0.0127 0.7840 0.0099 0.6205
396.392586 264.4938 -1.0429 83.0062 0.0114 0.7831 0.0084 0.6217
396.496476 265.5253 -1.0514 82.7876 0.0113 0.7828 0.0057 0.6221
396.599918 266.5381 -1.0587 82.5528 0.0116 0.7822 0.0037 0.6229
396.703583 267.5595 -1.0686 82.3240 0.0112 0.7817 0.0027 0.6236
396.807274 268.5622 -1.0764 82.1120 0.0096 0.7814 0.0023 0.6240
396.910983 269.5687 -1.0913 81.8992 0.0068 0.7812 0.0033 0.6242
397.014398 270.5516 -1.0983 81.6936 0.0045 0.7810 0.0026 0.6246
397.118084 271.5264 -1.1088 81.4984 0.0027 0.7809 0.0014 0.6247
397.221625 272.4882 -1.1173 81.3066 0.0009 0.7807 -0.0012 0.6249
397.325266 273.4413 -1.1145 81.0942 -0.0005 0.7806 -0.0026 0.6250
397.428839 274.3610 -1.1264 80.9007 -0.0019 0.7806 -0.0038 0.6250
397.532454 275.2579 -1.1367 80.7168 -0.0037 0.7807 -0.0051 0.6249
397.636151 276.1481 -1.1457 80.5236 -0.0044 0.7808 -0.0058 0.6248
397.739809 277.0255 -1.1503 80.3285 -0.0055 0.7808 -0.0055 0.6247
397.843420 277.8621 -1.1604 80.1556 -0.0060 0.7808 -0.0048 0.6248
397.947058 278.6874 -1.1665 79.9822 -0.0066 0.7808 -0.0056 0.6247
398.050655 279.4808 -1.1760 79.8114 -0.0064 0.7809 -0.0060 0.6246
398.154398 280.2722 -1.1872 79.6351 -0.0050 0.7807 -0.0056 0.6249
398.258025 281.0130 -1.1935 79.4714 -0.0049 0.7805 -0.0057 0.6252
398.361651 281.7211 -1.1993 79.3220 -0.0052 0.7805 -0.0054 0.6251
398.465386 282.4412 -1.2129 79.1511 -0.0057 0.7805 -0.0059 0.6251
398.568987 283.1119 -1.2217 79.0036 -0.0063 0.7809 -0.0060 0.6246
398.672735 283.7555 -1.2278 78.8566 -0.0067 0.7815 -0.0053 0.6238
398.776468 284.3615 -1.2344 78.7113 -0.0071 0.7825 -0.0044 0.6226
398.880208 284.9348 -1.2403 78.5661 -0.0081 0.7837 -0.0040 0.6210
398.983844 285.4868 -1.2466 78.4349 -0.0086 0.7854 -0.0033 0.6189
399.087565 286.0068 -1.2505 78.3007 -0.0088 0.7873 -0.0030 0.6165
399.191323 286.5046 -1.2526 78.1572 -0.0080 0.7894 -0.0027 0.6139
399.294919 286.9479 -1.2562 78.0317 -0.0066 0.7917 -0.0029 0.6108
399.398679 287.3607 -1.2590 77.9215 -0.0055 0.7945 -0.0034 0.6072
399.502271 287.7415 -1.2646 77.8152 -0.0047 0.7974 -0.0039 0.6034
399.605890 288.0895 -1.2696 77.7059 -0.0045 0.8001 -0.0042 0.5998
399.709527 288.4199 -1.2726 77.6015 -0.0039 0.8029 -0.0043 0.5961
399.813244 288.7038 -1.2749 77.5136 -0.0014 0.8058 -0.0059 0.5922
399.916865 288.9806 -1.2829 77.4048 0.0012 0.8086 -0.0074 0.5884
400.020478 289.2350 -1.2909 77.3166 0.0025 0.8117 -0.0077 0.5840
400.124237 289.4725 -1.2937 77.2268 0.0028 0.8147 -0.0075 0.5798
400.227835 289.6912 -1.2951 77.1390 0.0036 0.8179 -0.0081 0.5753
400.331573 289.9048 -1.3020 77.0498 0.0050 0.8215 -0.0090 0.5702
400.435190 290.1177 -1.3086 76.9541 0.0060 0.8254 -0.0102 0.5644
400.538929 290.3221 -1.3101 76.8541 0.0073 0.8300 -0.0113 0.5576
400.642668 290.5274 -1.3143 76.7578 0.0078 0.8352 -0.0119 0.5497
400.746287 290.7286 -1.3206 76.6462 0.0078 0.8405 -0.0123 0.5417
400.850028 290.9217 -1.3233 76.5332 0.0084 0.8458 -0.0109 0.5333
400.953643 291.1119 -1.3297 76.4194 0.0080 0.8516 -0.0085 0.5241
401.057257 291.3047 -1.3364 76.2978 0.0075 0.8575 -0.0066 0.5144
401.160868 291.4849 -1.3404 76.1785 0.0071 0.8634 -0.0073 0.5043
401.264632 291.6657 -1.3435 76.0465 0.0089 0.8702 -0.0095 0.4925
401.368355 291.8612 -1.3475 75.8946 0.0117 0.8775 -0.0112 0.4793
401.472051 292.0655 -1.3520 75.7254 0.0140 0.8852 -0.0104 0.4649
401.575728 292.2839 -1.3577 75.5222 0.0161 0.8933 -0.0073 0.4492
401.679507 292.5213 -1.3573 75.2954 0.0160 0.9021 -0.0047 0.4313
401.783185 292.7536 -1.3640 75.0705 0.0144 0.9113 -0.0016 0.4116
401.887055 292.9821 -1.3668 74.8151 0.0119 0.9205 0.0002 0.3906
401.990796 293.2243 -1.3667 74.5391 0.0100 0.9299 0.0012 0.3676
402.094595 293.4453 -1.3695 74.2263 0.0095 0.9390 0.0031 0.3437
402.198274 293.6557 -1.3749 73.8829 0.0102 0.9479 0.0053 0.3185
402.302140 293.8609 -1.3754 73.5266 0.0118 0.9567 0.0062 0.2909
402.405946 294.0361 -1.3767 73.1545 0.0124 0.9650 0.0058 0.2620
402.509623 294.1992 -1.3755 72.7520 0.0133 0.9728 0.0038 0.2312
402.613364 294.3424 -1.3753 72.3285 0.0126 0.9799 0.0020 0.1991
402.717102 294.4667 -1.3699 71.8710 0.0121 0.9860 0.0012 0.1666
402.820717 294.5470 -1.3641 71.3947 0.0128 0.9909 0.0023 0.1339
402.924333 294.6125 -1.3693 70.8981 0.0143 0.9947 0.0042 0.1014
403.027952 294.6310 -1.3719 70.3869 0.0166 0.9974 0.0059 0.0701
403.131563 294.6385 -1.3710 69.8382 0.0171 0.9990 0.0062 0.0397
403.235056 294.6059 -1.3723 69.2952 0.0164 0.9998 0.0052 0.0104
403.338673 294.5583 -1.3629 68.7102 0.0159 0.9997 0.0039 -0.0178
403.442164 294.4819 -1.3619 68.1132 0.0151 0.9989 0.0045 -0.0443
403.545652 294.3601 -1.3552 67.4963 0.0148 0.9976 0.0053 -0.0681
403.649144 294.2130 -1.3494 66.8532 0.0161 0.9960 0.0057 -0.0883
403.752508 294.0448 -1.3410 66.2056 0.0184 0.9943 0.0058 -0.1046
403.855753 293.8633 -1.3311 65.5286 0.0202 0.9929 0.0056 -0.1172
403.958998 293.6664 -1.3209 64.8327 0.0222 0.9917 0.0054 -0.1261
404.062231 293.4686 -1.3131 64.1268 0.0231 0.9910 0.0053 -0.1320
404.165347 293.2567 -1.3113 63.4076 0.0237 0.9905 0.0050 -0.1354
404.268588 293.0408 -1.3033 62.6465 0.0239 0.9903 0.0040 -0.1370
404.371830 292.8201 -1.3000 61.8638 0.0232 0.9902 0.0037 -0.1378
404.475069 292.5587 -1.2936 61.1170 0.0234 0.9902 0.0039 -0.1376
404.578454 292.3130 -1.2873 60.3400 0.0231 0.9902 0.0050 -0.1375
404.681800 292.0683 -1.2828 59.5086 0.0240 0.9903 0.0065 -0.1370
404.785164 291.8261 -1.2697 58.6527 0.0239 0.9904 0.0074 -0.1362
404.888655 291.5852 -1.2597 57.7798 0.0242 0.9905 0.0067 -0.1353
404.992168 291.3381 -1.2507 56.8733 0.0244 0.9907 0.0047 -0.1338
405.095638 291.0877 -1.2466 55.9186 0.0244 0.9909 0.0014 -0.1322
405.199303 290.8350 -1.2396 54.9779 0.0226 0.9912 -0.0012 -0.1307
405.302871 290.5906 -1.2325 54.0231 0.0214 0.9913 -0.0010 -0.1299
405.406482 290.3411 -1.2326 53.0265 0.0214 0.9914 0.0034 -0.1294
405.510096 290.0790 -1.2231 51.9962 0.0223 0.9913 0.0077 -0.1293
405.613719 289.8061 -1.2173 50.9699 0.0241 0.9913 0.0085 -0.1289
405.717337 289.5272 -1.2024 49.9193 0.0254 0.9914 0.0047 -0.1284
405.820964 289.2529 -1.1919 48.8690 0.0257 0.9915 0.0003 -0.1279
405.924558 288.9688 -1.1925 47.7962 0.0259 0.9915 -0.0021 -0.1274
406.028300 288.6914 -1.1916 46.7051 0.0249 0.9916 -0.0016 -0.1269
406.131922 288.4025 -1.1914 45.5965 0.0244 0.9917 0.0020 -0.1266
406.235531 288.1181 -1.1853 44.4710 0.0246 0.9917 0.0065 -0.1260
406.339296 287.8310 -1.1775 43.3306 0.0247 0.9917 0.0088 -0.1259
406.442884 287.5355 -1.1696 42.2211 0.0253 0.9917 0.0077 -0.1257
406.546642 287.2373 -1.1563 41.0797 0.0250 0.9918 0.0046 -0.1252
406.650241 286.9509 -1.1498 39.9329 0.0255 0.9918 0.0021 -0.1250
406.754003 286.6506 -1.1456 38.7616 0.0248 0.9919 0.0011 -0.1244
406.857602 286.3582 -1.1455 37.5820 0.0254 0.9919 0.0024 -0.1242
406.961371 286.0745 -1.1475 36.3902 0.0254 0.9919 0.0049 -0.1243
407.065524 285.7603 -1.1407 35.2133 0.0260 0.9920 0.0039 -0.1237
407.168581 285.4563 -1.1416 34.0287 0.0262 0.9920 0.0016 -0.1232
407.272311 285.1823 -1.1439 32.8567 0.0258 0.9920 0.0001 -0.1233
407.376014 284.8947 -1.1458 31.6644 0.0251 0.9921 0.0000 -0.1229
407.479699 284.6050 -1.1507 30.4501 0.0241 0.9921 0.0013 -0.1229
407.583285 284.3158 -1.1494 29.2629 0.0238 0.9921 0.0035 -0.1231
407.687031 284.0445 -1.1462 28.0765 0.0222 0.9920 0.0057 -0.1239
407.790639 283.7632 -1.1394 26.8791 0.0217 0.9919 0.0062 -0.1248
407.894249 283.4565 -1.1318 25.6547 0.0224 0.9918 0.0054 -0.1256
407.997865 283.1428 -1.1283 24.4516 0.0220 0.9918 0.0033 -0.1260
408.101526 282.8100 -1.1315 23.2624 0.0221 0.9918 0.0009 -0.1262
408.205128 282.5063 -1.1337 22.0470 0.0220 0.9917 -0.0002 -0.1268
408.308862 282.2023 -1.1349 20.8328 0.0215 0.9916 0.0007 -0.1276
408.412457 281.9014 -1.1370 19.6238 0.0207 0.9915 0.0026 -0.1281
408.516071 281.5838 -1.1363 18.4055 0.0203 0.9915 0.0038 -0.1282
408.619812 281.2794 -1.1338 17.1759 0.0194 0.9915 0.0063 -0.1287
408.723534 280.9800 -1.1273 15.9629 0.0186 0.9914 0.0088 -0.1292
408.827166 280.6290 -1.1180 14.7375 0.0163 0.9915 0.0080 -0.1286
408.930809 280.3229 -1.1119 13.5123 0.0144 0.9915 0.0055 -0.1288
409.034400 280.0101 -1.1075 12.2922 0.0124 0.9916 0.0033 -0.1288
409.138140 279.7000 -1.1088 11.0769 0.0104 0.9916 0.0023 -0.1288
409.241773 279.3907 -1.1048 9.8494 0.0094 0.9916 0.0019 -0.1287
409.345370 279.0657 -1.1102 8.6523 0.0094 0.9917 0.0037 -0.1284
409.449008 278.7440 -1.1118 7.4292 0.0103 0.9917 0.0053 -0.1281
409.552601 278.4541 -1.1084 6.1833 0.0102 0.9917 0.0060 -0.1282
409.656218 278.1304 -1.1083 4.9360 0.0113 0.9917 0.0062 -0.1280
409.759977 277.8178 -1.1007 3.6896 0.0114 0.9917 0.0063 -0.1278
409.863722 277.5092 -1.0981 2.4478 0.0115 0.9917 0.0059 -0.1276
409.967490 277.1893 -1.0904 1.2224 0.0111 0.9918 0.0060 -0.1268
410.070924 276.8664 -1.0878 -0.0150 0.0119 0.9919 0.0062 -0.1265
410.174672 276.5525 -1.0878 -1.2405 0.0109 0.9919 0.0050 -0.1263
410.278391 276.2329 -1.0902 -2.4286 0.0098 0.9920 0.0028 -0.1260
410.382022 275.9083 -1.0877 -3.6582 0.0110 0.9920 0.0031 -0.1258
410.485641 275.6069 -1.0885 -4.8786 0.0101 0.9919 0.0050 -0.1261
410.589383 275.3024 -1.0911 -6.0921 0.0111 0.9919 0.0066 -0.1266
410.692996 274.9677 -1.0970 -7.2333 0.0111 0.9919 0.0080 -0.1264
410.796700 274.6544 -1.0923 -8.4633 0.0116 0.9919 0.0083 -0.1265
410.900370 274.3638 -1.0872 -9.7096 0.0135 0.9918 0.0073 -0.1267
411.004006 274.0408 -1.0806 -10.9251 0.0147 0.9918 0.0057 -0.1265
411.107605 273.7374 -1.0764 -12.1045 0.0157 0.9918 0.0048 -0.1265
411.211203 273.4310 -1.0757 -13.3140 0.0168 0.9918 0.0052 -0.1262
411.314817 273.1105 -1.0726 -14.5338 0.0183 0.9919 0.0067 -0.1257
411.418430 272.7854 -1.0646 -15.7445 0.0206 0.9919 0.0081 -0.1250
411.522045 272.4716 -1.0628 -16.9195 0.0223 0.9920 0.0071 -0.1243
411.625789 272.1560 -1.0594 -18.1221 0.0238 0.9920 0.0049 -0.1236
411.729401 271.8471 -1.0646 -19.3307 0.0248 0.9921 0.0043 -0.1230
411.833039 271.5435 -1.0610 -20.4845 0.0256 0.9921 0.0048 -0.1225
411.936664 271.2588 -1.0614 -21.6496 0.0270 0.9921 0.0064 -0.1222
412.040249 270.9864 -1.0600 -22.7998 0.0288 0.9921 0.0083 -0.1221
412.143988 270.7137 -1.0568 -23.9468 0.0300 0.9921 0.0094 -0.1218
412.247607 270.4386 -1.0498 -25.0678 0.0309 0.9921 0.0087 -0.1214
412.351344 270.1656 -1.0442 -26.1737 0.0311 0.9921 0.0076 -0.1211
412.454973 269.9137 -1.0391 -27.2416 0.0299 0.9922 0.0063 -0.1208
412.558713 269.6667 -1.0365 -28.3018 0.0296 0.9922 0.0051 -0.1208
412.662315 269.4095 -1.0362 -29.3469 0.0291 0.9922 0.0049 -0.1210
412.766055 269.1624 -1.0330 -30.3725 0.0287 0.9921 0.0055 -0.1218
412.869672 268.9075 -1.0259 -31.3954 0.0276 0.9921 0.0055 -0.1226
412.973416 268.6585 -1.0261 -32.3973 0.0276 0.9919 0.0045 -0.1238
413.077038 268.4159 -1.0211 -33.3627 0.0281 0.9917 0.0042 -0.1251
413.180648 268.1700 -1.0233 -34.3086 0.0283 0.9916 0.0048 -0.1265
413.284381 267.9339 -1.0204 -35.2549 0.0292 0.9913 0.0050 -0.1280
413.388006 267.6955 -1.0188 -36.1870 0.0299 0.9912 0.0051 -0.1291
413.491600 267.4501 -1.0169 -37.1076 0.0305 0.9910 0.0055 -0.1301
413.595230 267.2236 -1.0203 -37.9969 0.0322 0.9907 0.0067 -0.1317
413.698993 266.9922 -1.0198 -38.8413 0.0321 0.9906 0.0079 -0.1325
413.802577 266.7585 -1.0189 -39.6842 0.0320 0.9905 0.0084 -0.1336
413.906355 266.5634 -1.0177 -40.4972 0.0315 0.9903 0.0073 -0.1350
414.010139 266.3442 -1.0180 -41.2822 0.0304 0.9902 0.0047 -0.1360
414.113787 266.1060 -1.0189 -42.0578 0.0300 0.9902 0.0032 -0.1364
414.217234 265.9023 -1.0196 -42.7944 0.0300 0.9901 0.0038 -0.1372
414.321008 265.7016 -1.0181 -43.5321 0.0299 0.9900 0.0059 -0.1380
414.424776 265.5072 -1.0204 -44.2241 0.0298 0.9899 0.0066 -0.1383
414.528212 265.3197 -1.0214 -44.8949 0.0286 0.9901 0.0054 -0.1374
414.631775 265.1440 -1.0242 -45.5352 0.0277 0.9904 0.0037 -0.1352
414.735545 264.9826 -1.0235 -46.1396 0.0269 0.9908 0.0029 -0.1323
414.838863 264.8363 -1.0257 -46.7290 0.0243 0.9914 0.0031 -0.1289
414.942362 264.6927 -1.0264 -47.2931 0.0223 0.9919 0.0033 -0.1248
415.045971 264.5756 -1.0281 -47.8514 0.0208 0.9927 0.0037 -0.1191
415.149496 264.4582 -1.0279 -48.3983 0.0215 0.9936 0.0041 -0.1108
415.252945 264.3675 -1.0267 -48.9042 0.0219 0.9947 0.0036 -0.1003
415.356344 264.3051 -1.0286 -49.4078 0.0232 0.9960 0.0033 -0.0866
415.459555 264.2748 -1.0360 -49.9013 0.0234 0.9974 0.0038 -0.0681
415.562856 264.2518 -1.0385 -50.3956 0.0231 0.9987 0.0051 -0.0451
415.666032 264.2762 -1.0388 -50.8872 0.0236 0.9995 0.0063 -0.0191
415.769149 264.3301 -1.0397 -51.3739 0.0238 0.9996 0.0078 0.0107
415.872266 264.4198 -1.0397 -51.8554 0.0239 0.9987 0.0101 0.0433
415.975506 264.5309 -1.0434 -52.3201 0.0226 0.9966 0.0126 0.0778
416.078998 264.6777 -1.0401 -52.7728 0.0206 0.9933 0.0154 0.1130
416.182077 264.8596 -1.0394 -53.2064 0.0194 0.9886 0.0177 0.1482
416.285414 265.0693 -1.0380 -53.6294 0.0189 0.9826 0.0183 0.1837
416.388769 265.2940 -1.0412 -54.0406 0.0205 0.9749 0.0199 0.2207
416.492196 265.5602 -1.0373 -54.4395 0.0201 0.9655 0.0203 0.2590
416.595471 265.8678 -1.0276 -54.8065 0.0186 0.9545 0.0196 0.2970
416.698946 266.2265 -1.0219 -55.1621 0.0161 0.9419 0.0200 0.3349
416.802379 266.5948 -1.0152 -55.5008 0.0195 0.9274 0.0219 0.3729
416.905823 266.9845 -1.0139 -55.8209 0.0247 0.9110 0.0218 0.4111
417.009315 267.4060 -1.0181 -56.0900 0.0275 0.8931 0.0195 0.4487
417.112928 267.8569 -1.0214 -56.3117 0.0294 0.8739 0.0152 0.4850
417.216536 268.3412 -1.0215 -56.5249 0.0304 0.8540 0.0116 0.5193
417.320283 268.8509 -1.0173 -56.6992 0.0318 0.8344 0.0093 0.5501
417.424127 269.3845 -1.0196 -56.8381 0.0299 0.8161 0.0083 0.5770
417.528117 269.9435 -1.0304 -56.9625 0.0258 0.7995 0.0102 0.6000
417.632108 270.5081 -1.0419 -57.0595 0.0215 0.7851 0.0109 0.6189
417.736291 271.0792 -1.0496 -57.1467 0.0203 0.7732 0.0103 0.6337
417.840463 271.6596 -1.0498 -57.2077 0.0193 0.7638 0.0063 0.6451
417.944664 272.2614 -1.0555 -57.2819 0.0168 0.7565 0.0052 0.6538
418.048942 272.8778 -1.0565 -57.3456 0.0139 0.7518 0.0063 0.6592
418.153188 273.5157 -1.0617 -57.4090 0.0116 0.7493 0.0075 0.6621
418.257428 274.1537 -1.0715 -57.4734 0.0109 0.7486 0.0080 0.6629
418.361663 274.8096 -1.0763 -57.5428 0.0120 0.7484 0.0052 0.6631
418.465755 275.4673 -1.0791 -57.6160 0.0164 0.7484 0.0014 0.6630
418.569839 276.1485 -1.0813 -57.7105 0.0207 0.7484 -0.0004 0.6629
418.673777 276.8652 -1.0873 -57.8066 0.0225 0.7485 0.0005 0.6628
418.777802 277.6067 -1.1010 -57.9114 0.0224 0.7487 0.0030 0.6626
418.881620 278.3637 -1.1084 -58.0040 0.0210 0.7496 0.0024 0.6616
418.985591 279.1456 -1.1181 -58.1009 0.0193 0.7512 0.0017 0.6598
419.089407 279.9302 -1.1270 -58.2042 0.0172 0.7533 -0.0001 0.6575
419.193427 280.7397 -1.1362 -58.3219 0.0146 0.7557 -0.0034 0.6548
419.297145 281.5645 -1.1442 -58.4415 0.0130 0.7589 -0.0051 0.6510
419.400948 282.4005 -1.1593 -58.5771 0.0103 0.7622 -0.0051 0.6472
419.504690 283.2558 -1.1670 -58.7280 0.0067 0.7655 -0.0053 0.6433
419.608481 284.1251 -1.1766 -58.8746 0.0046 0.7691 -0.0050 0.6391
419.712190 285.0110 -1.1850 -59.0461 0.0042 0.7721 -0.0062 0.6354
419.815923 285.9181 -1.1932 -59.2280 0.0060 0.7751 -0.0059 0.6318
419.919527 286.8368 -1.2032 -59.4245 0.0064 0.7774 -0.0044 0.6289
420.023141 287.7765 -1.2102 -59.6273 0.0061 0.7791 -0.0026 0.6269
420.126876 288.7312 -1.2205 -59.8480 0.0051 0.7798 0.0001 0.6259
420.230495 289.6943 -1.2255 -60.0604 0.0051 0.7805 0.0017 0.6252
420.334115 290.6700 -1.2334 -60.2700 0.0049 0.7810 0.0017 0.6246
420.437732 291.6513 -1.2377 -60.4765 0.0042 0.7815 -0.0009 0.6239
420.541471 292.6416 -1.2432 -60.6955 0.0047 0.7818 -0.0030 0.6235
420.645086 293.6547 -1.2532 -60.9192 0.0047 0.7821 -0.0039 0.6231
420.748723 294.6844 -1.2635 -61.1514 0.0043 0.7826 -0.0045 0.6225
420.852441 295.7046 -1.2739 -61.3839 0.0045 0.7832 -0.0038 0.6218
420.956058 296.7503 -1.2822 -61.6333 0.0044 0.7836 -0.0039 0.6213
421.059697 297.7917 -1.2938 -61.8676 0.0024 0.7843 -0.0043 0.6203
421.163289 298.8580 -1.3032 -62.1124 0.0013 0.7851 -0.0045 0.6193
421.266904 299.8877 -1.3132 -62.3607 0.0014 0.7858 -0.0037 0.6185
421.370535 300.9255 -1.3253 -62.6143 0.0008 0.7858 -0.0043 0.6184
421.474129 301.9646 -1.3335 -62.8385 0.0017 0.7860 -0.0051 0.6182
421.577764 303.0196 -1.3455 -63.0988 0.0019 0.7858 -0.0052 0.6185
421.681359 304.0734 -1.3596 -63.3509 0.0002 0.7857 -0.0037 0.6186
421.784975 305.1544 -1.3674 -63.6069 -0.0012 0.7854 -0.0026 0.6189
421.888593 306.2398 -1.3687 -63.8621 -0.0027 0.7853 -0.0041 0.6191
421.992220 307.3088 -1.3746 -64.1134 -0.0021 0.7850 -0.0047 0.6195
422.095948 308.3632 -1.3874 -64.3724 0.0005 0.7843 -0.0054 0.6204
422.199565 309.4119 -1.3957 -64.6166 0.0009 0.7836 -0.0068 0.6212
422.303179 310.5024 -1.4087 -64.8437 -0.0001 0.7834 -0.0056 0.6215
422.406795 311.5566 -1.4226 -65.0849 -0.0003 0.7832 -0.0048 0.6218
422.510407 312.6057 -1.4346 -65.3122 0.0000 0.7830 -0.0060 0.6220
422.614169 313.6683 -1.4329 -65.5621 -0.0002 0.7827 -0.0069 0.6224
422.717765 314.7464 -1.4422 -65.7828 -0.0008 0.7829 -0.0071 0.6221
422.821524 315.7935 -1.4584 -66.0096 -0.0022 0.7834 -0.0062 0.6215
422.925134 316.8469 -1.4714 -66.2348 -0.0034 0.7842 -0.0057 0.6204
423.028737 317.8799 -1.4770 -66.4680 -0.0034 0.7850 -0.0054 0.6194
423.132478 318.9153 -1.4883 -66.7136 -0.0031 0.7859 -0.0054 0.6183
423.236090 319.9521 -1.4976 -66.9486 -0.0026 0.7873 -0.0065 0.6166
423.339832 320.9724 -1.5102 -67.1853 -0.0024 0.7886 -0.0080 0.6149
423.443441 322.0032 -1.5253 -67.4475 -0.0024 0.7896 -0.0085 0.6135
423.547065 323.0322 -1.5370 -67.7126 -0.0031 0.7907 -0.0082 0.6122
423.650822 324.0452 -1.5459 -67.9562 -0.0047 0.7922 -0.0078 0.6102
423.754420 325.0436 -1.5584 -68.2195 -0.0058 0.7933 -0.0059 0.6087
423.858178 326.0580 -1.5665 -68.5016 -0.0059 0.7943 -0.0048 0.6075
423.961775 327.0492 -1.5719 -68.7895 -0.0045 0.7953 -0.0047 0.6062
424.065390 328.0023 -1.5856 -69.0689 -0.0018 0.7960 -0.0053 0.6052
424.169134 328.9277 -1.5965 -69.3343 0.0003 0.7966 -0.0049 0.6044
424.272765 329.8476 -1.6048 -69.5982 0.0017 0.7971 -0.0049 0.6038
424.376366 330.7464 -1.6126 -69.8602 0.0037 0.7974 -0.0047 0.6034
424.480102 331.5977 -1.6285 -70.0791 0.0053 0.7977 -0.0044 0.6030
424.583732 332.4548 -1.6404 -70.3181 0.0059 0.7979 -0.0038 0.6028
424.687481 333.3019 -1.6543 -70.5596 0.0068 0.7977 -0.0028 0.6030
424.791072 334.1467 -1.6670 -70.7955 0.0083 0.7970 -0.0028 0.6039
424.894564 334.9835 -1.6806 -71.0210 0.0105 0.7958 -0.0013 0.6054
424.998182 335.8433 -1.6939 -71.2380 0.0115 0.7937 0.0004 0.6082
425.101735 336.6878 -1.7067 -71.4581 0.0120 0.7908 0.0025 0.6120
425.205180 337.5259 -1.7153 -71.6512 0.0118 0.7873 0.0024 0.6165
425.308777 338.3679 -1.7288 -71.8259 0.0125 0.7834 0.0008 0.6214
425.412270 339.2066 -1.7410 -71.9964 0.0141 0.7792 -0.0018 0.6266
425.515889 340.0472 -1.7475 -72.1626 0.0153 0.7751 -0.0046 0.6317
425.619519 340.8903 -1.7656 -72.3029 0.0145 0.7718 -0.0072 0.6357
425.723245 341.7568 -1.7833 -72.4375 0.0134 0.7692 -0.0086 0.6388
425.826916 342.6128 -1.8062 -72.5798 0.0122 0.7674 -0.0091 0.6409
425.930595 343.4642 -1.8221 -72.7252 0.0109 0.7665 -0.0107 0.6421
426.034564 344.3547 -1.8379 -72.8593 0.0098 0.7665 -0.0124 0.6421
426.138241 345.2334 -1.8532 -73.0110 0.0095 0.7666 -0.0138 0.6419
426.241694 346.1426 -1.8705 -73.1731 0.0099 0.7671 -0.0133 0.6413
426.345447 347.0583 -1.8864 -73.3317 0.0090 0.7678 -0.0116 0.6405
426.449188 347.9825 -1.9020 -73.4828 0.0053 0.7687 -0.0084 0.6396
426.553089 348.9362 -1.9123 -73.6347 -0.0009 0.7700 -0.0036 0.6381
426.656532 349.9034 -1.9158 -73.8145 -0.0035 0.7716 -0.0025 0.6361
426.760392 350.8659 -1.9208 -73.9932 -0.0042 0.7735 -0.0082 0.6337
426.864012 351.8400 -1.9239 -74.1810 -0.0012 0.7759 -0.0132 0.6308
426.967759 352.7913 -1.9292 -74.3836 -0.0019 0.7776 -0.0129 0.6286
427.071534 353.8459 -1.9423 -74.6086 -0.0038 0.7796 -0.0077 0.6262
427.175170 354.8592 -1.9475 -74.8437 -0.0036 0.7810 -0.0058 0.6245
427.279156 355.8828 -1.9578 -75.0676 0.0004 0.7824 -0.0090 0.6227
427.382358 356.9155 -1.9711 -75.2886 0.0016 0.7836 -0.0136 0.6211
427.486096 357.9412 -1.9818 -75.5356 -0.0015 0.7848 -0.0151 0.6196
427.589693 359.0231 -1.9908 -75.7886 -0.0053 0.7864 -0.0145 0.6176
427.693440 360.1247 -2.0077 -76.0424 -0.0054 0.7882 -0.0174 0.6152
427.797177 361.1833 -2.0233 -76.3189 0.0004 0.7897 -0.0210 0.6132
427.900914 362.2892 -2.0423 -76.6165 0.0053 0.7909 -0.0218 0.6115
428.004577 363.4145 -2.0639 -76.9317 0.0062 0.7924 -0.0176 0.6097
428.108290 364.5595 -2.0823 -77.2665 0.0045 0.7940 -0.0119 0.6077
428.211907 365.6814 -2.1017 -77.5836 0.0030 0.7959 -0.0093 0.6054
428.315503 366.8239 -2.1193 -77.8936 0.0028 0.7975 -0.0099 0.6033
428.419133 367.9537 -2.1359 -78.2067 0.0036 0.7987 -0.0106 0.6017
428.522607 369.1002 -2.1503 -78.5366 0.0050 0.7995 -0.0106 0.6005
428.626221 370.2181 -2.1702 -78.8598 0.0061 0.8001 -0.0101 0.5998
428.729848 371.3423 -2.1916 -79.1793 0.0047 0.8003 -0.0088 0.5995
428.833451 372.4539 -2.2119 -79.5297 0.0034 0.7999 -0.0072 0.6000
428.936946 373.5630 -2.2273 -79.8579 0.0055 0.7992 -0.0077 0.6009
429.040563 374.6681 -2.2428 -80.1525 0.0106 0.7987 -0.0094 0.6016
429.144051 375.7939 -2.2686 -80.4805 0.0155 0.7967 -0.0087 0.6041
429.247539 376.9345 -2.2954 -80.8057 0.0169 0.7944 -0.0056 0.6071
429.351161 378.0632 -2.3207 -81.0984 0.0157 0.7924 -0.0025 0.6098
429.454646 379.1915 -2.3395 -81.3837 0.0141 0.7904 -0.0032 0.6124
429.558282 380.3301 -2.3628 -81.6559 0.0121 0.7889 -0.0061 0.6144
429.661878 381.4481 -2.3857 -81.9207 0.0110 0.7876 -0.0092 0.6160
429.765493 382.5862 -2.3953 -82.1877 0.0096 0.7869 -0.0123 0.6169
429.869237 383.7101 -2.4208 -82.4534 0.0094 0.7863 -0.0111 0.6176
429.972909 384.8497 -2.4382 -82.7465 0.0087 0.7855 -0.0075 0.6188
430.076503 385.9492 -2.4578 -83.0032 0.0071 0.7849 -0.0043 0.6196
430.180102 387.0513 -2.4744 -83.2604 0.0060 0.7844 -0.0037 0.6202
430.283819 388.1449 -2.4871 -83.5002 0.0065 0.7845 -0.0070 0.6200
430.387435 389.2599 -2.5036 -83.7410 0.0079 0.7845 -0.0116 0.6199
430.491050 390.3584 -2.5247 -83.9976 0.0100 0.7844 -0.0105 0.6201
430.594789 391.4556 -2.5489 -84.2616 0.0101 0.7837 -0.0076 0.6210
430.699180 392.5637 -2.5669 -84.5196 0.0101 0.7826 -0.0042 0.6224
430.802102 393.6791 -2.5840 -84.7752 0.0103 0.7816 -0.0019 0.6237
430.905793 394.7768 -2.6005 -85.0134 0.0092 0.7809 -0.0012 0.6245
431.009424 395.8819 -2.6140 -85.2432 0.0081 0.7804 -0.0029 0.6252
431.113097 396.9933 -2.6275 -85.4691 0.0071 0.7797 -0.0054 0.6261
431.216698 398.0792 -2.6472 -85.6996 0.0073 0.7789 -0.0081 0.6270
431.320244 399.1639 -2.6714 -85.9186 0.0089 0.7785 -0.0090 0.6275
431.423987 400.2507 -2.6888 -86.1567 0.0091 0.7780 -0.0093 0.6281
431.527594 401.2995 -2.7125 -86.3804 0.0086 0.7775 -0.0062 0.6288
431.631198 402.3912 -2.7320 -86.6174 0.0072 0.7772 -0.0029 0.6292
431.734939 403.4682 -2.7436 -86.8359 0.0062 0.7771 -0.0027 0.6293
431.838560 404.5423 -2.7587 -87.0621 0.0066 0.7771 -0.0037 0.6293
431.942312 405.6067 -2.7773 -87.2856 0.0071 0.7771 -0.0055 0.6293
432.046005 406.6678 -2.7931 -87.5004 0.0058 0.7772 -0.0064 0.6292
432.149544 407.7286 -2.8102 -87.7208 0.0051 0.7770 -0.0053 0.6294
432.253310 408.7534 -2.8274 -87.9297 0.0076 0.7771 -0.0048 0.6293
432.356947 409.7873 -2.8435 -88.1257 0.0100 0.7772 -0.0081 0.6291
432.460494 410.8403 -2.8658 -88.3524 0.0127 0.7773 -0.0079 0.6290
432.564234 411.8964 -2.8805 -88.5772 0.0120 0.7770 -0.0059 0.6294
432.667876 412.9440 -2.9000 -88.7835 0.0105 0.7772 -0.0051 0.6291
432.771522 413.9753 -2.9189 -88.9988 0.0105 0.7777 -0.0076 0.6285
432.875097 414.9754 -2.9408 -89.2051 0.0096 0.7784 -0.0122 0.6275
432.978821 416.0137 -2.9590 -89.4193 0.0074 0.7796 -0.0146 0.6261
433.082455 417.0609 -2.9811 -89.6349 0.0049 0.7807 -0.0143 0.6247
433.186214 418.1262 -2.9985 -89.8749 0.0045 0.7820 -0.0135 0.6231
433.289815 419.1796 -3.0214 -90.1098 0.0056 0.7836 -0.0129 0.6211
433.393442 420.2253 -3.0400 -90.3585 0.0072 0.7849 -0.0125 0.6194
433.497111 421.2760 -3.0587 -90.6180 0.0104 0.7862 -0.0121 0.6178
433.600648 422.3328 -3.0842 -90.8780 0.0131 0.7874 -0.0113 0.6162
433.704277 423.3812 -3.0990 -91.1242 0.0158 0.7888 -0.0107 0.6144
433.807894 424.4327 -3.1188 -91.4015 0.0165 0.7898 -0.0071 0.6131
433.911668 425.4932 -3.1425 -91.6757 0.0170 0.7905 -0.0030 0.6122
434.015111 426.5584 -3.1614 -91.9412 0.0169 0.7910 -0.0023 0.6116
434.118861 427.6434 -3.1792 -92.2219 0.0181 0.7916 -0.0023 0.6108
434.222475 428.6932 -3.2014 -92.4834 0.0166 0.7920 -0.0034 0.6102
434.326170 429.7692 -3.2162 -92.7624 0.0143 0.7929 -0.0038 0.6092
434.429707 430.8185 -3.2328 -93.0225 0.0116 0.7943 -0.0060 0.6074
434.533428 431.8744 -3.2538 -93.3150 0.0101 0.7954 -0.0086 0.6059
434.637062 432.9469 -3.2781 -93.6109 0.0086 0.7968 -0.0104 0.6041
434.740658 434.0198 -3.2999 -93.9035 0.0070 0.7981 -0.0109 0.6024
434.844401 435.1019 -3.3170 -94.2191 0.0060 0.7995 -0.0109 0.6006
434.948018 436.1910 -3.3359 -94.5394 0.0057 0.8007 -0.0103 0.5990
435.051631 437.2700 -3.3567 -94.8694 0.0057 0.8017 -0.0091 0.5976
435.155249 438.3631 -3.3749 -95.2079 0.0063 0.8024 -0.0080 0.5968
435.258862 439.4549 -3.3958 -95.5412 0.0067 0.8028 -0.0076 0.5962
435.362499 440.5340 -3.4149 -95.8775 0.0074 0.8030 -0.0077 0.5959
435.466220 441.6141 -3.4308 -96.1985 0.0071 0.8035 -0.0073 0.5952
435.569834 442.7048 -3.4488 -96.5302 0.0066 0.8038 -0.0065 0.5948
435.673449 443.7832 -3.4690 -96.8609 0.0066 0.8042 -0.0064 0.5943
435.777071 444.8467 -3.4876 -97.1925 0.0079 0.8045 -0.0070 0.5939
435.880750 445.9306 -3.5086 -97.5286 0.0086 0.8048 -0.0064 0.5934
435.984384 447.0135 -3.5267 -97.8578 0.0088 0.8053 -0.0064 0.5928
436.088035 448.0908 -3.5475 -98.2001 0.0097 0.8058 -0.0068 0.5921
436.191779 449.1442 -3.5725 -98.5416 0.0109 0.8064 -0.0072 0.5912
436.295412 450.2040 -3.5949 -98.8742 0.0105 0.8073 -0.0072 0.5900
436.399135 451.2606 -3.6178 -99.2069 0.0097 0.8086 -0.0057 0.5883
436.502748 452.3140 -3.6363 -99.5501 0.0088 0.8098 -0.0046 0.5866
436.606484 453.3559 -3.6540 -99.9014 0.0078 0.8111 -0.0044 0.5848
436.710105 454.3877 -3.6731 -100.2427 0.0063 0.8130 -0.0049 0.5822
436.813744 455.3968 -3.6907 -100.5666 0.0063 0.8152 -0.0059 0.5791
436.917459 456.4026 -3.7072 -100.9226 0.0067 0.8171 -0.0069 0.5765
437.021095 457.3763 -3.7252 -101.2642 0.0072 0.8191 -0.0069 0.5736
437.124817 458.3435 -3.7446 -101.6160 0.0076 0.8205 -0.0063 0.5715
437.228451 459.2796 -3.7638 -101.9768 0.0089 0.8214 -0.0058 0.5703
437.332048 460.2012 -3.7790 -102.3275 0.0103 0.8220 -0.0056 0.5693
437.435664 461.1084 -3.7995 -102.6702 0.0104 0.8227 -0.0043 0.5684
437.539296 462.0308 -3.8136 -103.0253 0.0104 0.8232 -0.0010 0.5676
437.642895 462.9343 -3.8309 -103.3833 0.0110 0.8236 0.0007 0.5671
437.746530 463.8074 -3.8490 -103.7250 0.0136 0.8240 -0.0022 0.5664
437.850146 464.6576 -3.8649 -104.0578 0.0169 0.8247 -0.0061 0.5653
437.953866 465.4864 -3.8805 -104.3642 0.0143 0.8258 -0.0068 0.5638
438.057478 466.3186 -3.8968 -104.6936 0.0096 0.8271 -0.0030 0.5619
438.161218 467.1142 -3.9145 -105.0094 0.0056 0.8288 -0.0006 0.5595
438.264961 467.8930 -3.9275 -105.3246 0.0053 0.8312 -0.0027 0.5559
438.368578 468.6228 -3.9419 -105.6447 0.0048 0.8337 -0.0041 0.5522
438.472336 469.3096 -3.9550 -105.9684 0.0056 0.8363 -0.0032 0.5482
438.576058 470.0005 -3.9690 -106.2805 0.0070 0.8397 -0.0033 0.5429
438.679910 470.6553 -3.9858 -106.5924 0.0099 0.8438 -0.0068 0.5365
438.783661 471.2655 -3.9935 -106.9079 0.0131 0.8483 -0.0097 0.5292
438.887279 471.8732 -4.0065 -107.2364 0.0161 0.8525 -0.0091 0.5224
438.991021 472.4661 -4.0194 -107.5649 0.0173 0.8565 -0.0046 0.5158
439.094761 473.0327 -4.0308 -107.8999 0.0188 0.8603 -0.0005 0.5095
439.198395 473.5738 -4.0511 -108.2183 0.0212 0.8635 0.0027 0.5039
439.301991 474.0836 -4.0622 -108.5243 0.0242 0.8660 0.0046 0.4995
439.405604 474.5843 -4.0725 -108.8270 0.0266 0.8676 0.0053 0.4965
439.509221 475.0663 -4.0807 -109.1357 0.0288 0.8684 0.0054 0.4950
439.612718 475.5330 -4.0902 -109.4457 0.0309 0.8685 0.0059 0.4946
439.716333 475.9913 -4.0972 -109.7208 0.0316 0.8684 0.0071 0.4949
439.819824 476.4427 -4.1055 -109.9852 0.0321 0.8676 0.0080 0.4962
439.923439 476.8773 -4.1149 -110.2475 0.0317 0.8660 0.0086 0.4990
440.027056 477.2891 -4.1252 -110.4603 0.0310 0.8643 0.0088 0.5019
440.130546 477.6989 -4.1313 -110.6795 0.0305 0.8622 0.0084 0.5056
440.234160 478.1092 -4.1377 -110.8892 0.0304 0.8597 0.0071 0.5098
440.337796 478.4882 -4.1492 -111.0880 0.0315 0.8566 0.0072 0.5150
440.441263 478.8568 -4.1545 -111.2611 0.0328 0.8525 0.0070 0.5216
440.544878 479.2334 -4.1621 -111.4428 0.0336 0.8472 0.0063 0.5302
440.648375 479.5953 -4.1714 -111.5711 0.0325 0.8414 0.0057 0.5393
440.751865 479.9779 -4.1812 -111.7250 0.0308 0.8354 0.0047 0.5487
440.855478 480.3559 -4.1890 -111.8621 0.0294 0.8296 0.0042 0.5576
440.959097 480.7477 -4.1967 -111.9929 0.0279 0.8237 0.0032 0.5663
441.062709 481.1296 -4.2030 -112.1135 0.0266 0.8179 0.0023 0.5747
441.166450 481.5086 -4.2116 -112.2247 0.0257 0.8123 0.0016 0.5827
441.270064 481.8942 -4.2195 -112.3186 0.0244 0.8074 0.0004 0.5895
441.373807 482.2693 -4.2287 -112.4175 0.0230 0.8027 -0.0009 0.5959
441.477427 482.6541 -4.2366 -112.5029 0.0216 0.7996 -0.0031 0.6001
441.581288 483.0525 -4.2433 -112.5985 0.0197 0.7975 -0.0052 0.6030
441.685035 483.4614 -4.2493 -112.7003 0.0178 0.7963 -0.0067 0.6046
441.788769 483.8719 -4.2601 -112.8062 0.0165 0.7958 -0.0070 0.6053
441.892509 484.2771 -4.2698 -112.9067 0.0154 0.7962 -0.0075 0.6048
441.996372 484.7026 -4.2786 -113.0195 0.0138 0.7972 -0.0081 0.6035
442.100126 485.1324 -4.2975 -113.1395 0.0130 0.7983 -0.0082 0.6021
442.203730 485.5271 -4.3091 -113.2496 0.0116 0.7997 -0.0091 0.6003
442.307515 485.9488 -4.3103 -113.3858 0.0101 0.8019 -0.0112 0.5972
442.411225 486.3604 -4.3210 -113.5143 0.0089 0.8050 -0.0122 0.5931
442.514823 486.7736 -4.3292 -113.6386 0.0083 0.8084 -0.0125 0.5885
442.618572 487.1718 -4.3460 -113.7849 0.0074 0.8115 -0.0118 0.5842
442.722202 487.5659 -4.3478 -113.9222 0.0071 0.8146 -0.0115 0.5798
442.825994 487.9749 -4.3466 -114.0660 0.0058 0.8178 -0.0120 0.5753
442.929548 488.3737 -4.3528 -114.2149 0.0035 0.8212 -0.0112 0.5705
443.033281 488.7581 -4.3616 -114.3794 0.0024 0.8244 -0.0110 0.5659
443.136912 489.1372 -4.3669 -114.5492 0.0043 0.8274 -0.0111 0.5615
443.240536 489.5053 -4.3740 -114.7260 0.0061 0.8301 -0.0108 0.5575
443.344273 489.8553 -4.3809 -114.8902 0.0068 0.8328 -0.0112 0.5534
443.447865 490.1861 -4.3862 -115.0429 0.0064 0.8353 -0.0127 0.5496
443.551382 490.5092 -4.3965 -115.1748 0.0059 0.8376 -0.0141 0.5460
443.654995 490.8055 -4.4034 -115.3157 0.0069 0.8393 -0.0156 0.5435
443.758584 491.1037 -4.4053 -115.4581 0.0103 0.8405 -0.0160 0.5415
443.862082 491.3903 -4.4140 -115.6123 0.0132 0.8409 -0.0142 0.5408
443.965692 491.6891 -4.4264 -115.7441 0.0146 0.8408 -0.0126 0.5410
444.069182 491.9739 -4.4343 -115.8753 0.0149 0.8394 -0.0123 0.5431
444.172548 492.2660 -4.4556 -116.0021 0.0140 0.8367 -0.0117 0.5474
444.276036 492.5585 -4.4589 -116.1265 0.0131 0.8322 -0.0125 0.5542
444.379470 492.8416 -4.4646 -116.2413 0.0126 0.8265 -0.0133 0.5626
444.482771 493.1388 -4.4731 -116.3532 0.0124 0.8196 -0.0140 0.5726
444.586257 493.4353 -4.4766 -116.4482 0.0139 0.8116 -0.0151 0.5839
444.689624 493.7453 -4.4827 -116.5318 0.0145 0.8025 -0.0167 0.5962
444.793097 494.0727 -4.4887 -116.5981 0.0144 0.7927 -0.0178 0.6092
444.896354 494.4082 -4.4981 -116.6520 0.0125 0.7815 -0.0181 0.6235
444.999846 494.7666 -4.4953 -116.6884 0.0108 0.7690 -0.0188 0.6389
445.103116 495.1359 -4.5004 -116.7199 0.0103 0.7551 -0.0183 0.6553
445.206581 495.5155 -4.5057 -116.7340 0.0108 0.7400 -0.0187 0.6723
445.309945 495.9073 -4.5222 -116.7279 0.0104 0.7236 -0.0176 0.6899
445.413310 496.3146 -4.5296 -116.7029 0.0092 0.7058 -0.0178 0.7081
445.516679 496.7365 -4.5326 -116.6589 0.0081 0.6870 -0.0193 0.7264
445.620168 497.1670 -4.5426 -116.5826 0.0092 0.6674 -0.0197 0.7444
445.723544 497.6163 -4.5553 -116.4876 0.0106 0.6460 -0.0195 0.7630
445.827022 498.0695 -4.5697 -116.3671 0.0124 0.6236 -0.0182 0.7815
445.930575 498.5466 -4.5805 -116.2148 0.0124 0.5994 -0.0175 0.8001
446.034003 499.0173 -4.5960 -116.0253 0.0121 0.5746 -0.0151 0.8182
446.137490 499.4861 -4.6048 -115.7942 0.0108 0.5486 -0.0144 0.8359
446.240984 499.9626 -4.6108 -115.5235 0.0095 0.5216 -0.0148 0.8530
446.344640 500.4239 -4.6221 -115.2159 0.0088 0.4942 -0.0132 0.8692
446.448091 500.8806 -4.6309 -114.8707 0.0081 0.4663 -0.0114 0.8845
446.551725 501.3288 -4.6363 -114.4913 0.0074 0.4380 -0.0105 0.8989
446.655446 501.7908 -4.6481 -114.0633 0.0063 0.4102 -0.0093 0.9119
446.759063 502.2199 -4.6521 -113.6005 0.0048 0.3841 -0.0091 0.9232
446.862801 502.6266 -4.6524 -113.0990 0.0029 0.3602 -0.0099 0.9328
446.966661 503.0272 -4.6526 -112.5577 0.0016 0.3390 -0.0102 0.9407
447.070575 503.4243 -4.6544 -112.0098 0.0004 0.3190 -0.0100 0.9477
447.174273 503.8051 -4.6546 -111.4261 -0.0008 0.2999 -0.0094 0.9539
447.278161 504.1817 -4.6520 -110.8092 -0.0011 0.2823 -0.0100 0.9593
447.381880 504.5424 -4.6561 -110.1674 -0.0004 0.2665 -0.0088 0.9638
447.485745 504.9141 -4.6586 -109.5101 0.0025 0.2515 -0.0072 0.9678
447.589486 505.2492 -4.6606 -108.8412 0.0054 0.2383 -0.0062 0.9712
447.693235 505.5897 -4.6599 -108.1187 0.0068 0.2251 -0.0055 0.9743
447.797084 505.9344 -4.6620 -107.3654 0.0061 0.2123 -0.0028 0.9772
447.900833 506.2563 -4.6638 -106.5830 0.0044 0.2004 -0.0006 0.9797
448.004571 506.5656 -4.6688 -105.7771 0.0024 0.1899 -0.0006 0.9818
448.108336 506.8539 -4.6678 -104.9463 0.0029 0.1815 -0.0012 0.9834
448.212177 507.1481 -4.6690 -104.0667 0.0033 0.1753 -0.0044 0.9845
448.316043 507.4400 -4.6699 -103.1920 0.0047 0.1720 -0.0088 0.9850
448.419912 507.7517 -4.6773 -102.2906 0.0047 0.1702 -0.0105 0.9853
448.523773 508.0910 -4.6817 -101.3572 0.0045 0.1693 -0.0094 0.9855
448.627641 508.4306 -4.6885 -100.4113 0.0040 0.1686 -0.0089 0.9856
448.731409 508.7757 -4.6940 -99.4430 0.0039 0.1678 -0.0080 0.9858
448.835120 509.1217 -4.6980 -98.4601 0.0039 0.1670 -0.0077 0.9859
448.938747 509.4644 -4.7013 -97.4605 0.0034 0.1665 -0.0075 0.9860
449.042479 509.8145 -4.7075 -96.4360 0.0028 0.1657 -0.0076 0.9861
449.146096 510.1738 -4.7136 -95.4185 0.0025 0.1645 -0.0082 0.9863
449.249712 510.5131 -4.7173 -94.3958 0.0013 0.1638 -0.0090 0.9865
449.353343 510.8592 -4.7208 -93.3557 0.0010 0.1629 -0.0093 0.9866
449.456813 511.2085 -4.7251 -92.2944 0.0020 0.1620 -0.0098 0.9867
449.560452 511.5501 -4.7305 -91.2276 0.0033 0.1609 -0.0098 0.9869
449.664067 511.8968 -4.7401 -90.1500 0.0034 0.1596 -0.0096 0.9871
449.767662 512.2337 -4.7504 -89.0612 0.0029 0.1585 -0.0086 0.9873
449.871152 512.5819 -4.7591 -87.9642 0.0015 0.1571 -0.0076 0.9876
449.974770 512.9461 -4.7646 -86.8319 -0.0007 0.1556 -0.0064 0.9878
450.078446 513.3032 -4.7662 -85.7049 -0.0040 0.1539 -0.0057 0.9881
450.181999 513.6576 -4.7696 -84.5786 -0.0053 0.1523 -0.0036 0.9883
450.285610 513.9915 -4.7722 -83.4454 -0.0023 0.1510 -0.0039 0.9885
450.389252 514.3252 -4.7797 -82.3189 0.0042 0.1499 -0.0064 0.9887
450.492866 514.6746 -4.7958 -81.1819 0.0096 0.1486 -0.0085 0.9888
450.596460 515.0134 -4.8101 -80.0360 0.0091 0.1472 -0.0100 0.9890
450.700198 515.3453 -4.8269 -78.8985 0.0038 0.1458 -0.0104 0.9893
450.803816 515.6767 -4.8359 -77.7418 -0.0013 0.1438 -0.0104 0.9895
450.907457 515.9924 -4.8423 -76.6224 -0.0029 0.1415 -0.0112 0.9899
451.011049 516.3217 -4.8440 -75.4631 -0.0022 0.1385 -0.0112 0.9903
451.114663 516.6245 -4.8459 -74.3251 -0.0014 0.1359 -0.0116 0.9906
451.218279 516.9228 -4.8556 -73.1905 -0.0019 0.1332 -0.0113 0.9910
451.321892 517.2121 -4.8592 -72.0596 -0.0020 0.1305 -0.0107 0.9914
451.425507 517.5116 -4.8660 -70.9217 -0.0026 0.1275 -0.0107 0.9918
451.529000 517.8104 -4.8711 -69.7875 -0.0030 0.1245 -0.0097 0.9922
451.632635 518.0949 -4.8773 -68.6614 -0.0035 0.1216 -0.0091 0.9925
451.736233 518.3634 -4.8826 -67.5341 -0.0033 0.1188 -0.0085 0.9929
451.839869 518.6262 -4.8881 -66.4036 -0.0030 0.1161 -0.0069 0.9932
451.943513 518.8689 -4.8901 -65.2922 -0.0030 0.1137 -0.0073 0.9935
452.047100 519.1003 -4.8902 -64.1658 -0.0027 0.1118 -0.0071 0.9937
452.150689 519.3528 -4.8960 -63.0717 -0.0017 0.1092 -0.0063 0.9940
452.254309 519.5940 -4.9016 -61.9514 -0.0002 0.1071 -0.0051 0.9942
452.357926 519.8310 -4.9076 -60.8560 -0.0003 0.1047 -0.0042 0.9945
452.461535 520.0638 -4.9111 -59.7271 -0.0008 0.1019 -0.0027 0.9948
452.565154 520.2856 -4.9190 -58.6124 -0.0001 0.0992 -0.0016 0.9951
452.668799 520.4981 -4.9373 -57.5129 -0.0002 0.0966 -0.0005 0.9953
452.772385 520.7172 -4.9324 -56.3972 -0.0009 0.0945 0.0010 0.9955
452.876125 520.9182 -4.9392 -55.2854 -0.0015 0.0925 0.0018 0.9957
452.979734 521.1133 -4.9450 -54.1711 -0.0011 0.0906 0.0019 0.9959
453.083353 521.3106 -4.9500 -53.0577 0.0000 0.0888 0.0016 0.9960
453.186968 521.5041 -4.9593 -51.9551 0.0006 0.0870 0.0010 0.9962
453.290585 521.6909 -4.9674 -50.8305 0.0007 0.0854 0.0012 0.9963
453.394201 521.8591 -4.9752 -49.6855 0.0005 0.0841 0.0018 0.9965
453.497837 522.0597 -4.9820 -48.5592 0.0009 0.0820 0.0019 0.9966
453.601434 522.2029 -4.9889 -47.4623 0.0018 0.0811 0.0024 0.9967
453.705043 522.3738 -4.9949 -46.3505 0.0021 0.0795 0.0027 0.9968
453.808678 522.5444 -5.0041 -45.2205 0.0018 0.0779 0.0026 0.9970
453.912277 522.7019 -5.0103 -44.0883 0.0016 0.0764 0.0015 0.9971
454.015902 522.8877 -5.0181 -42.9260 0.0014 0.0743 0.0013 0.9972
454.119571 523.0379 -5.0271 -41.8017 0.0014 0.0725 0.0011 0.9974
454.223125 523.1866 -5.0316 -40.6609 0.0014 0.0710 0.0005 0.9975
454.326741 523.3525 -5.0393 -39.5083 0.0015 0.0689 0.0009 0.9976
454.430351 523.4998 -5.0430 -38.3696 0.0015 0.0672 0.0006 0.9977
454.533979 523.6416 -5.0454 -37.1678 0.0013 0.0653 0.0007 0.9979
454.637589 523.7829 -5.0554 -36.0078 0.0006 0.0636 0.0003 0.9980
454.741077 523.9214 -5.0666 -34.8363 0.0003 0.0620 -0.0011 0.9981
454.844696 524.0522 -5.0772 -33.6835 0.0005 0.0602 -0.0021 0.9982
454.948320 524.1817 -5.0817 -32.5238 0.0013 0.0584 -0.0039 0.9983
455.051921 524.3044 -5.0894 -31.3369 0.0019 0.0567 -0.0054 0.9984
455.155535 524.4142 -5.0959 -30.1708 0.0020 0.0551 -0.0075 0.9985
455.259159 524.5301 -5.1027 -28.9808 0.0011 0.0530 -0.0078 0.9986
455.362766 524.6485 -5.1128 -27.7918 0.0004 0.0510 -0.0086 0.9987
455.466391 524.7456 -5.1170 -26.6168 0.0006 0.0490 -0.0103 0.9987
455.570002 524.8548 -5.1223 -25.4216 0.0012 0.0466 -0.0114 0.9988
455.673504 524.9513 -5.1352 -24.2574 0.0014 0.0443 -0.0106 0.9990
455.777106 525.0503 -5.1428 -23.0771 0.0008 0.0416 -0.0103 0.9991
455.880721 525.1344 -5.1435 -21.8741 -0.0001 0.0392 -0.0116 0.9992
455.984212 525.2166 -5.1530 -20.6854 -0.0017 0.0367 -0.0118 0.9993
456.087827 525.2903 -5.1558 -19.4989 -0.0018 0.0341 -0.0133 0.9993
456.191444 525.3560 -5.1613 -18.2818 -0.0013 0.0311 -0.0140 0.9994
456.295080 525.4215 -5.1605 -17.0679 0.0002 0.0283 -0.0144 0.9995
456.398716 525.4691 -5.1646 -15.8628 0.0012 0.0255 -0.0152 0.9996
456.502287 525.5353 -5.1694 -14.6707 0.0015 0.0225 -0.0137 0.9997
456.605781 525.5766 -5.1716 -13.4272 0.0012 0.0198 -0.0133 0.9997
456.709398 525.6205 -5.1751 -12.1565 0.0001 0.0167 -0.0134 0.9998
456.813132 525.6497 -5.1838 -10.9069 -0.0015 0.0142 -0.0142 0.9998
456.916752 525.6712 -5.1813 -9.6424 -0.0024 0.0118 -0.0149 0.9998
457.020392 525.7020 -5.1840 -8.4008 -0.0022 0.0086 -0.0144 0.9999
457.123985 525.7188 -5.1928 -7.1468 -0.0017 0.0055 -0.0127 0.9999
457.227598 525.7265 -5.1935 -5.9009 -0.0011 0.0023 -0.0105 0.9999
457.331215 525.7057 -5.2125 -4.7098 -0.0018 -0.0005 -0.0076 1.0000
457.434828 525.6848 -5.2261 -3.4881 -0.0024 -0.0031 -0.0066 1.0000
457.539185 525.7044 -5.2334 -2.2608 -0.0035 -0.0067 -0.0055 1.0000
457.642104 525.6692 -5.2368 -1.0108 -0.0047 -0.0092 -0.0061 0.9999
457.745681 525.6546 -5.2364 0.2508 -0.0050 -0.0120 -0.0063 0.9999
457.849295 525.6073 -5.2343 1.5156 -0.0035 -0.0142 -0.0063 0.9999
457.952931 525.5673 -5.2346 2.7502 -0.0011 -0.0162 -0.0053 0.9999
458.056542 525.5144 -5.2413 3.9851 0.0010 -0.0182 -0.0056 0.9998
458.160161 525.4635 -5.2542 5.2219 0.0012 -0.0202 -0.0045 0.9998
458.263765 525.3653 -5.2608 6.5228 -0.0008 -0.0218 -0.0051 0.9998
458.367370 525.2980 -5.2669 7.7767 -0.0024 -0.0234 -0.0052 0.9997
458.471107 525.2421 -5.2699 9.0320 -0.0028 -0.0256 -0.0054 0.9997
458.574726 525.1624 -5.2694 10.2421 -0.0018 -0.0273 -0.0059 0.9996
458.678362 525.0787 -5.2773 11.4868 -0.0016 -0.0293 -0.0065 0.9995
458.781956 524.9926 -5.2804 12.7056 -0.0007 -0.0315 -0.0062 0.9995
458.885568 524.8983 -5.2882 13.9387 0.0006 -0.0341 -0.0056 0.9994
458.989189 524.7917 -5.2977 15.1581 0.0015 -0.0366 -0.0046 0.9993
459.092807 524.7030 -5.2992 16.3716 0.0015 -0.0394 -0.0039 0.9992
459.196417 524.5843 -5.3049 17.5993 -0.0001 -0.0415 -0.0042 0.9991
459.300258 524.4818 -5.3042 18.8214 -0.0023 -0.0442 -0.0033 0.9990
459.403714 524.3558 -5.3085 20.0217 -0.0038 -0.0465 -0.0021 0.9989
459.507272 524.2326 -5.3064 21.2554 -0.0035 -0.0486 -0.0017 0.9988
459.610902 524.1057 -5.3095 22.4726 -0.0026 -0.0506 -0.0010 0.9987
459.714496 523.9889 -5.3180 23.7128 -0.0009 -0.0531 -0.0002 0.9986
459.818154 523.8419 -5.3202 24.9209 0.0010 -0.0547 -0.0014 0.9985
459.921828 523.6961 -5.3307 26.1336 0.0012 -0.0561 -0.0025 0.9984
460.025336 523.5440 -5.3339 27.3538 0.0006 -0.0572 -0.0045 0.9984
460.128957 523.3972 -5.3453 28.5616 -0.0005 -0.0587 -0.0052 0.9983
460.232575 523.2496 -5.3488 29.7886 -0.0002 -0.0599 -0.0051 0.9982
460.336189 523.0928 -5.3565 30.9653 0.0003 -0.0610 -0.0050 0.9981
460.439930 522.9311 -5.3596 32.1837 0.0018 -0.0623 -0.0061 0.9980
460.543546 522.7640 -5.3627 33.4018 0.0020 -0.0634 -0.0062 0.9980
460.647161 522.5934 -5.3672 34.5938 0.0008 -0.0643 -0.0069 0.9979
460.750778 522.4249 -5.3683 35.7808 -0.0003 -0.0656 -0.0079 0.9978
460.854389 522.2681 -5.3718 36.9863 0.0006 -0.0677 -0.0077 0.9977
460.958008 522.0912 -5.3721 38.1861 0.0027 -0.0693 -0.0082 0.9976
461.061619 521.9151 -5.3829 39.3865 0.0032 -0.0716 -0.0085 0.9974
461.165234 521.7428 -5.3961 40.5895 0.0030 -0.0736 -0.0079 0.9972
461.268727 521.5581 -5.4042 41.8033 0.0027 -0.0758 -0.0084 0.9971
461.372342 521.3540 -5.4130 42.9865 0.0017 -0.0773 -0.0087 0.9970
461.475955 521.1622 -5.4245 44.1780 0.0013 -0.0793 -0.0109 0.9968
461.579450 520.9441 -5.4291 45.3767 0.0018 -0.0812 -0.0133 0.9966
461.683082 520.7301 -5.4357 46.5699 0.0029 -0.0833 -0.0153 0.9964
461.786681 520.5116 -5.4434 47.7484 0.0041 -0.0851 -0.0178 0.9962
461.890418 520.2911 -5.4534 48.9327 0.0052 -0.0872 -0.0196 0.9960
461.994034 520.0623 -5.4607 50.1150 0.0056 -0.0893 -0.0206 0.9958
462.097664 519.8318 -5.4732 51.3128 0.0040 -0.0916 -0.0204 0.9956
462.201266 519.6036 -5.4805 52.5193 0.0021 -0.0944 -0.0209 0.9953
462.304953 519.3712 -5.4877 53.6896 0.0008 -0.0970 -0.0210 0.9951
462.408529 519.1483 -5.5018 54.8648 0.0005 -0.1000 -0.0214 0.9948
462.512131 518.9220 -5.5086 56.0381 0.0009 -0.1030 -0.0216 0.9944
462.615939 518.6390 -5.5080 57.2725 0.0012 -0.1054 -0.0217 0.9942
462.719468 518.3934 -5.5140 58.4469 0.0015 -0.1082 -0.0225 0.9939
462.823083 518.1238 -5.5221 59.6099 0.0019 -0.1104 -0.0231 0.9936
462.926695 517.8312 -5.5211 60.7755 0.0027 -0.1125 -0.0238 0.9934
463.030445 517.5444 -5.5325 61.9221 0.0023 -0.1142 -0.0246 0.9931
463.134050 517.2454 -5.5310 63.0928 0.0020 -0.1159 -0.0260 0.9929
463.237673 516.9428 -5.5334 64.2749 0.0009 -0.1175 -0.0259 0.9927
463.341298 516.6219 -5.5326 65.4849 0.0002 -0.1193 -0.0243 0.9926
463.444926 516.3217 -5.5336 66.6432 0.0007 -0.1211 -0.0236 0.9924
463.548517 516.0361 -5.5339 67.7760 0.0001 -0.1229 -0.0211 0.9922
463.652133 515.7388 -5.5381 68.9385 -0.0007 -0.1248 -0.0200 0.9920
463.755750 515.4445 -5.5441 70.0914 -0.0015 -0.1269 -0.0199 0.9917
463.859243 515.1258 -5.5464 71.2186 -0.0003 -0.1284 -0.0190 0.9915
463.962880 514.8175 -5.5502 72.3456 0.0015 -0.1303 -0.0188 0.9913
464.066470 514.4960 -5.5548 73.4812 0.0021 -0.1322 -0.0199 0.9910
464.170089 514.1655 -5.5582 74.6498 0.0006 -0.1341 -0.0206 0.9908
464.273703 513.8368 -5.5657 75.7886 0.0012 -0.1361 -0.0229 0.9904
464.377321 513.5068 -5.5688 76.9458 0.0019 -0.1379 -0.0224 0.9902
464.480984 513.1667 -5.5711 78.1018 0.0028 -0.1402 -0.0237 0.9898
464.584444 512.8094 -5.5704 79.2441 0.0042 -0.1419 -0.0246 0.9896
464.688043 512.4674 -5.5746 80.3926 0.0058 -0.1439 -0.0233 0.9893
464.791652 512.1131 -5.5848 81.5148 0.0062 -0.1458 -0.0224 0.9890
464.895290 511.7637 -5.5913 82.6894 0.0053 -0.1485 -0.0203 0.9887
464.998895 511.4191 -5.6011 83.8594 0.0048 -0.1515 -0.0189 0.9883
465.102533 511.0398 -5.6075 85.0099 0.0055 -0.1539 -0.0186 0.9879
465.206118 510.6493 -5.6157 86.1598 0.0070 -0.1557 -0.0196 0.9876
465.309731 510.2563 -5.6238 87.3445 0.0073 -0.1581 -0.0202 0.9872
465.413467 509.8574 -5.6378 88.5138 0.0052 -0.1602 -0.0206 0.9869
465.517106 509.4607 -5.6437 89.6750 0.0039 -0.1624 -0.0204 0.9865
465.620696 509.0405 -5.6561 90.8425 0.0041 -0.1646 -0.0222 0.9861
465.724440 508.6236 -5.6607 92.0067 0.0050 -0.1670 -0.0235 0.9857
465.828079 508.2205 -5.6670 93.1205 0.0058 -0.1691 -0.0256 0.9853
465.931801 507.7897 -5.6762 94.2855 0.0047 -0.1710 -0.0269 0.9849
466.035416 507.3552 -5.6862 95.4100 0.0037 -0.1723 -0.0269 0.9847
466.139030 506.9233 -5.6902 96.5688 0.0039 -0.1742 -0.0285 0.9843
466.242782 506.4874 -5.6985 97.7108 0.0033 -0.1759 -0.0278 0.9840
466.346405 506.0467 -5.7043 98.8603 0.0023 -0.1776 -0.0288 0.9837
466.449998 505.5964 -5.7099 100.0093 0.0021 -0.1793 -0.0309 0.9833
466.553617 505.1445 -5.7136 101.1484 0.0027 -0.1809 -0.0325 0.9830
466.657255 504.6994 -5.7155 102.2719 0.0025 -0.1825 -0.0329 0.9827
466.760847 504.2505 -5.7191 103.4026 0.0021 -0.1841 -0.0329 0.9824
466.864465 503.8082 -5.7237 104.5316 0.0040 -0.1862 -0.0317 0.9820
466.968080 503.3522 -5.7224 105.6428 0.0072 -0.1882 -0.0322 0.9816
467.071699 502.8948 -5.7293 106.7495 0.0075 -0.1899 -0.0330 0.9812
467.175303 502.4394 -5.7360 107.8608 0.0057 -0.1913 -0.0332 0.9809
467.278947 501.9907 -5.7464 108.9745 0.0040 -0.1936 -0.0335 0.9805
467.382540 501.5271 -5.7505 110.0748 0.0039 -0.1958 -0.0328 0.9801
467.486034 501.0615 -5.7555 111.1966 0.0040 -0.1987 -0.0314 0.9795
467.589669 500.5684 -5.7580 112.3123 0.0042 -0.2014 -0.0314 0.9790
467.693260 500.0898 -5.7594 113.4103 0.0029 -0.2039 -0.0327 0.9784
467.796771 499.6027 -5.7615 114.5169 0.0012 -0.2063 -0.0328 0.9779
467.900372 499.1162 -5.7565 115.6271 0.0006 -0.2089 -0.0327 0.9774
468.004001 498.6245 -5.7582 116.7232 0.0003 -0.2117 -0.0297 0.9769
468.107598 498.1228 -5.7568 117.8197 0.0006 -0.2144 -0.0289 0.9763
468.211267 497.6005 -5.7568 118.9103 -0.0005 -0.2167 -0.0291 0.9758
468.314827 497.0765 -5.7513 119.9878 -0.0013 -0.2191 -0.0304 0.9752
468.418441 496.5458 -5.7446 121.0822 -0.0010 -0.2214 -0.0321 0.9746
468.522061 496.0281 -5.7432 122.1483 -0.0005 -0.2238 -0.0309 0.9742
468.625674 495.4930 -5.7452 123.2316 0.0007 -0.2261 -0.0294 0.9737
468.729429 494.9560 -5.7445 124.2994 0.0015 -0.2278 -0.0280 0.9733
468.833032 494.4083 -5.7388 125.3700 0.0019 -0.2295 -0.0284 0.9729
468.936662 493.8591 -5.7369 126.4545 0.0016 -0.2312 -0.0286 0.9725
469.040261 493.2982 -5.7384 127.5503 0.0009 -0.2331 -0.0288 0.9720
469.143878 492.7329 -5.7355 128.6468 0.0002 -0.2349 -0.0292 0.9716
469.247616 492.1647 -5.7363 129.7270 -0.0005 -0.2370 -0.0285 0.9711
469.351233 491.5903 -5.7347 130.8271 -0.0002 -0.2391 -0.0268 0.9706
469.454848 491.0048 -5.7298 131.9119 0.0022 -0.2416 -0.0258 0.9700
469.558587 490.3924 -5.7294 133.0289 0.0030 -0.2437 -0.0265 0.9695
469.662216 489.8016 -5.7323 134.1061 0.0033 -0.2461 -0.0275 0.9689
469.765944 489.1927 -5.7277 135.1962 0.0043 -0.2481 -0.0299 0.9683
469.869561 488.5678 -5.7248 136.2999 0.0052 -0.2504 -0.0304 0.9677
469.973240 487.9702 -5.7160 137.3617 0.0054 -0.2526 -0.0315 0.9670
470.076793 487.3442 -5.7165 138.4316 0.0046 -0.2546 -0.0316 0.9665
470.180534 486.7074 -5.7119 139.5292 0.0037 -0.2566 -0.0322 0.9660
470.284146 486.0831 -5.7155 140.6072 0.0039 -0.2589 -0.0324 0.9654
470.387886 485.4323 -5.7184 141.6899 0.0037 -0.2607 -0.0324 0.9649
470.491512 484.7782 -5.7142 142.7796 0.0036 -0.2629 -0.0331 0.9643
470.595124 484.1599 -5.7208 143.8290 0.0026 -0.2650 -0.0340 0.9636
470.698757 483.5066 -5.7137 144.8895 0.0042 -0.2672 -0.0346 0.9630
470.802474 482.8395 -5.7126 145.9911 0.0048 -0.2695 -0.0331 0.9624
470.906113 482.1511 -5.7091 147.1142 0.0047 -0.2719 -0.0319 0.9618
471.009707 481.4632 -5.7078 148.2099 0.0032 -0.2740 -0.0317 0.9612
471.113318 480.7716 -5.7028 149.3046 0.0017 -0.2762 -0.0325 0.9605
471.216815 480.0702 -5.7013 150.3946 0.0012 -0.2779 -0.0345 0.9600
471.320425 479.3608 -5.6991 151.4687 0.0028 -0.2794 -0.0371 0.9595
471.424044 478.6428 -5.6968 152.5511 0.0047 -0.2806 -0.0391 0.9590
471.527684 477.9254 -5.6941 153.6441 0.0057 -0.2821 -0.0408 0.9585
471.631400 477.2158 -5.6884 154.7375 0.0055 -0.2836 -0.0411 0.9581
471.735015 476.5367 -5.6892 155.7988 0.0059 -0.2847 -0.0423 0.9577
471.838633 475.8072 -5.6849 156.8945 0.0052 -0.2856 -0.0413 0.9574
471.942242 475.0802 -5.6837 157.9814 0.0044 -0.2864 -0.0409 0.9572
472.045997 474.3521 -5.6775 159.0689 0.0042 -0.2873 -0.0416 0.9569
472.149604 473.6173 -5.6693 160.1582 0.0049 -0.2883 -0.0438 0.9565
472.253218 472.9481 -5.6625 161.2345 0.0050 -0.2894 -0.0433 0.9562
472.356979 472.1894 -5.6553 162.3344 0.0068 -0.2898 -0.0447 0.9560
472.460574 471.4494 -5.6512 163.3799 0.0075 -0.2901 -0.0471 0.9558
472.564321 470.7127 -5.6465 164.4560 0.0058 -0.2904 -0.0485 0.9557
472.667931 469.9640 -5.6433 165.5350 0.0043 -0.2899 -0.0504 0.9557
472.771683 469.2113 -5.6310 166.6358 0.0038 -0.2896 -0.0526 0.9557
472.875286 468.4999 -5.6177 167.7351 0.0043 -0.2894 -0.0533 0.9557
472.979026 467.7696 -5.6118 168.8317 0.0045 -0.2884 -0.0504 0.9562
473.082662 467.0479 -5.6042 169.9309 0.0051 -0.2880 -0.0463 0.9565
473.186258 466.3335 -5.6048 171.0361 0.0032 -0.2876 -0.0408 0.9569
473.289746 465.6226 -5.6015 172.1270 0.0015 -0.2871 -0.0371 0.9572
473.393364 464.9079 -5.5968 173.2335 0.0011 -0.2864 -0.0346 0.9575
473.497002 464.2083 -5.5939 174.2958 0.0016 -0.2854 -0.0334 0.9578
473.600608 463.4794 -5.5886 175.4092 0.0016 -0.2849 -0.0348 0.9579
473.704206 462.7494 -5.5810 176.4878 0.0012 -0.2837 -0.0364 0.9582
473.807864 462.0251 -5.5791 177.5923 0.0027 -0.2833 -0.0377 0.9583
473.911443 461.3265 -5.5789 178.6670 0.0041 -0.2826 -0.0390 0.9584
474.015056 460.5930 -5.5796 179.7675 0.0053 -0.2822 -0.0400 0.9585
474.118694 459.8813 -5.5820 180.8928 0.0055 -0.2824 -0.0385 0.9585
474.222412 459.1692 -5.5815 182.0002 0.0073 -0.2825 -0.0377 0.9585
474.326026 458.4676 -5.5834 183.0641 0.0079 -0.2822 -0.0358 0.9586
474.429765 457.7674 -5.5903 184.1224 0.0074 -0.2823 -0.0345 0.9587
474.533382 457.0591 -5.5944 185.2104 0.0054 -0.2824 -0.0329 0.9587
474.637042 456.3749 -5.5967 186.2838 0.0039 -0.2829 -0.0321 0.9586
474.740612 455.6573 -5.5966 187.3676 0.0039 -0.2833 -0.0309 0.9585
474.844351 454.9392 -5.5935 188.4720 0.0049 -0.2838 -0.0310 0.9584
474.947966 454.2180 -5.5965 189.5572 0.0050 -0.2844 -0.0317 0.9582
475.051590 453.4915 -5.5957 190.6384 0.0048 -0.2845 -0.0337 0.9581
475.155210 452.7997 -5.5998 191.6990 0.0034 -0.2847 -0.0354 0.9580
475.258820 452.0755 -5.5974 192.7932 0.0037 -0.2849 -0.0365 0.9578
475.362431 451.3544 -5.5951 193.8754 0.0046 -0.2850 -0.0369 0.9578
475.466049 450.6363 -5.5949 194.9651 0.0056 -0.2851 -0.0363 0.9578
475.569784 449.9190 -5.5983 196.0530 0.0061 -0.2851 -0.0358 0.9578
475.673275 449.2001 -5.6007 197.1600 0.0062 -0.2852 -0.0354 0.9578
475.776915 448.4849 -5.6026 198.2392 0.0055 -0.2853 -0.0359 0.9578
475.880531 447.7718 -5.5990 199.3113 0.0052 -0.2853 -0.0364 0.9577
475.984124 447.0626 -5.6037 200.3790 0.0056 -0.2849 -0.0365 0.9578
476.087738 446.3532 -5.6055 201.4565 0.0070 -0.2850 -0.0367 0.9578
476.191230 445.6237 -5.6092 202.5555 0.0089 -0.2850 -0.0373 0.9578
476.294847 444.8918 -5.6083 203.6536 0.0094 -0.2850 -0.0366 0.9578
476.398460 444.1790 -5.6133 204.7317 0.0094 -0.2850 -0.0376 0.9577
476.502075 443.4602 -5.6197 205.8009 0.0084 -0.2848 -0.0381 0.9578
476.605711 442.7569 -5.6263 206.8725 0.0074 -0.2848 -0.0392 0.9577
476.709311 442.0431 -5.6289 207.9473 0.0064 -0.2847 -0.0405 0.9577
476.812947 441.3205 -5.6286 209.0245 0.0053 -0.2844 -0.0425 0.9577
476.916539 440.5997 -5.6260 210.1003 0.0057 -0.2843 -0.0449 0.9577
477.020154 439.8882 -5.6274 211.1642 0.0069 -0.2843 -0.0462 0.9576
477.123786 439.1673 -5.6254 212.2183 0.0090 -0.2840 -0.0483 0.9576
477.227382 438.4428 -5.6300 213.3044 0.0102 -0.2842 -0.0493 0.9574
477.330995 437.7332 -5.6334 214.3779 0.0112 -0.2843 -0.0504 0.9573
477.434882 437.0141 -5.6289 215.4717 0.0116 -0.2844 -0.0508 0.9573
477.538234 436.3058 -5.6309 216.5369 0.0113 -0.2840 -0.0511 0.9574
477.641712 435.5745 -5.6364 217.6324 0.0100 -0.2838 -0.0521 0.9574
477.745330 434.8752 -5.6455 218.7076 0.0088 -0.2842 -0.0519 0.9573
477.848949 434.1735 -5.6453 219.7746 0.0098 -0.2843 -0.0513 0.9573
477.952585 433.4652 -5.6515 220.8263 0.0105 -0.2844 -0.0506 0.9573
478.056185 432.7541 -5.6579 221.9032 0.0105 -0.2848 -0.0488 0.9573
478.159798 432.0317 -5.6603 223.0152 0.0103 -0.2852 -0.0462 0.9573
478.263406 431.3338 -5.6637 224.0888 0.0109 -0.2859 -0.0456 0.9571
478.367028 430.6173 -5.6663 225.1541 0.0096 -0.2855 -0.0460 0.9572
478.470644 429.8956 -5.6626 226.2303 0.0072 -0.2852 -0.0474 0.9573
478.574380 429.1919 -5.6596 227.3337 0.0056 -0.2857 -0.0478 0.9571
478.678017 428.4609 -5.6603 228.4149 0.0053 -0.2858 -0.0470 0.9571
478.781614 427.7517 -5.6644 229.5123 0.0061 -0.2867 -0.0451 0.9569
478.885227 427.0430 -5.6614 230.5820 0.0069 -0.2869 -0.0443 0.9569
478.988914 426.3344 -5.6646 231.6479 0.0056 -0.2870 -0.0432 0.9569
479.092462 425.6046 -5.6580 232.7266 0.0040 -0.2868 -0.0427 0.9570
479.196078 424.8891 -5.6560 233.8100 0.0024 -0.2869 -0.0420 0.9570
479.299816 424.1699 -5.6512 234.9128 0.0023 -0.2875 -0.0403 0.9569
479.403433 423.4638 -5.6469 235.9884 0.0054 -0.2880 -0.0392 0.9568
479.507052 422.7382 -5.6530 237.0558 0.0089 -0.2883 -0.0396 0.9567
479.610673 422.0317 -5.6546 238.1134 0.0100 -0.2882 -0.0406 0.9566
479.714405 421.3040 -5.6585 239.2077 0.0084 -0.2883 -0.0418 0.9566
479.818021 420.5647 -5.6577 240.3071 0.0070 -0.2880 -0.0425 0.9567
479.921631 419.8297 -5.6577 241.4106 0.0077 -0.2881 -0.0412 0.9567
480.025268 419.0990 -5.6592 242.5077 0.0090 -0.2883 -0.0391 0.9567
480.128875 418.3738 -5.6616 243.6047 0.0097 -0.2886 -0.0382 0.9566
480.232605 417.6437 -5.6674 244.6974 0.0099 -0.2885 -0.0391 0.9566
480.336221 416.9094 -5.6713 245.7741 0.0103 -0.2881 -0.0405 0.9567
480.439835 416.1737 -5.6730 246.8707 0.0087 -0.2878 -0.0416 0.9567
480.543451 415.4567 -5.6775 247.9582 0.0068 -0.2878 -0.0428 0.9567
480.647070 414.7220 -5.6780 249.0513 0.0071 -0.2879 -0.0430 0.9567
480.750700 414.0098 -5.6848 250.1259 0.0089 -0.2882 -0.0432 0.9566
480.854422 413.2773 -5.6826 251.2261 0.0105 -0.2886 -0.0437 0.9564
480.957913 412.5365 -5.6818 252.3211 0.0108 -0.2887 -0.0452 0.9563
481.061653 411.8012 -5.6863 253.3934 0.0104 -0.2888 -0.0456 0.9562
481.165290 411.0748 -5.6904 254.4827 0.0092 -0.2892 -0.0446 0.9562
481.268775 410.3257 -5.6938 255.5903 0.0087 -0.2895 -0.0447 0.9561
481.372501 409.5967 -5.6929 256.6839 0.0087 -0.2896 -0.0442 0.9561
481.476116 408.8474 -5.6968 257.7886 0.0090 -0.2899 -0.0448 0.9560
481.579729 408.0977 -5.6987 258.8858 0.0100 -0.2901 -0.0467 0.9558
481.683366 407.3552 -5.7028 259.9707 0.0101 -0.2902 -0.0480 0.9557
481.786964 406.6247 -5.7075 261.0716 0.0092 -0.2905 -0.0486 0.9556
481.890578 405.8937 -5.7074 262.1494 0.0090 -0.2905 -0.0496 0.9555
481.994318 405.1583 -5.7067 263.2367 0.0083 -0.2907 -0.0502 0.9555
482.097932 404.3940 -5.6963 264.3156 0.0085 -0.2907 -0.0508 0.9554
482.201569 403.6720 -5.6933 265.3854 0.0090 -0.2910 -0.0521 0.9553
482.305187 402.9550 -5.6966 266.4364 0.0090 -0.2908 -0.0529 0.9553
482.408927 402.2188 -5.6948 267.5210 0.0087 -0.2905 -0.0530 0.9554
482.512520 401.5117 -5.6987 268.5752 0.0085 -0.2901 -0.0522 0.9555
482.616158 400.7937 -5.7023 269.6299 0.0085 -0.2893 -0.0506 0.9559
482.719749 400.0824 -5.7024 270.7034 0.0086 -0.2886 -0.0482 0.9562
482.823366 399.3799 -5.7030 271.7711 0.0088 -0.2885 -0.0462 0.9563
482.926982 398.6507 -5.7051 272.8401 0.0088 -0.2878 -0.0447 0.9566
483.030723 397.9346 -5.7073 273.9294 0.0072 -0.2872 -0.0435 0.9569
483.134355 397.2356 -5.7091 274.9908 0.0058 -0.2865 -0.0439 0.9571
483.237959 396.5180 -5.7140 276.0821 0.0052 -0.2858 -0.0435 0.9573
483.341573 395.8226 -5.7175 277.1093 0.0067 -0.2846 -0.0431 0.9577
483.445194 395.1050 -5.7165 278.1959 0.0096 -0.2843 -0.0413 0.9578
483.548806 394.4329 -5.7197 279.2202 0.0110 -0.2840 -0.0400 0.9579
483.652420 393.7744 -5.7222 280.2366 0.0103 -0.2835 -0.0389 0.9581
483.756039 393.0799 -5.7264 281.2588 0.0087 -0.2828 -0.0388 0.9584
483.859679 392.4653 -5.7398 282.2891 0.0082 -0.2832 -0.0389 0.9582
483.963350 391.7185 -5.7367 283.3326 0.0082 -0.2823 -0.0390 0.9585
484.066875 391.0498 -5.7463 284.3730 0.0071 -0.2825 -0.0395 0.9584
484.170638 390.3867 -5.7567 285.4045 0.0059 -0.2825 -0.0399 0.9584
484.274230 389.7286 -5.7534 286.4100 0.0063 -0.2825 -0.0404 0.9584
484.377887 389.0667 -5.7574 287.4131 0.0067 -0.2826 -0.0410 0.9584
484.481478 388.4200 -5.7608 288.3855 0.0071 -0.2828 -0.0421 0.9582
484.585085 387.7697 -5.7657 289.3778 0.0066 -0.2834 -0.0435 0.9580
484.688861 387.1348 -5.7591 290.3369 0.0059 -0.2840 -0.0444 0.9578
484.792453 386.5044 -5.7643 291.2771 0.0055 -0.2845 -0.0463 0.9575
484.896053 385.8760 -5.7647 292.2187 0.0073 -0.2854 -0.0479 0.9572
484.999685 385.2599 -5.7688 293.1550 0.0095 -0.2865 -0.0483 0.9568
485.103410 384.6531 -5.7707 294.0652 0.0107 -0.2872 -0.0481 0.9566
485.207023 384.0348 -5.7755 294.9743 0.0107 -0.2877 -0.0481 0.9564
485.310639 383.4494 -5.7823 295.8994 0.0096 -0.2894 -0.0467 0.9560
485.414253 382.8575 -5.7843 296.7967 0.0092 -0.2905 -0.0448 0.9558
485.517869 382.2544 -5.7856 297.6947 0.0085 -0.2914 -0.0426 0.9556
485.621610 381.6650 -5.7883 298.5610 0.0078 -0.2923 -0.0416 0.9554
485.725225 381.0952 -5.7958 299.4039 0.0074 -0.2935 -0.0417 0.9550
485.828963 380.5257 -5.7982 300.2199 0.0080 -0.2946 -0.0419 0.9547
485.932582 379.9662 -5.8007 301.0240 0.0079 -0.2961 -0.0429 0.9542
