# estimate result
# timestamp tx ty tz qx qy qz qw
343.849890 0.0000 0.0000 0.0000 0.0000 0.0000 0.0000 1.0000
343.954009 0.0675 -0.0055 0.5989 -0.0022 0.0312 0.0004 0.9995
344.057989 0.1762 -0.0094 1.1794 -0.0042 0.0651 0.0005 0.9979
344.162105 0.3216 -0.0120 1.7353 -0.0051 0.1012 0.0010 0.9949
344.266226 0.5104 -0.0140 2.2707 -0.0050 0.1380 0.0016 0.9904
344.370219 0.7352 -0.0161 2.7899 -0.0048 0.1750 0.0018 0.9846
344.474212 1.0065 -0.0158 3.2732 -0.0045 0.2112 0.0027 0.9774
344.578075 1.3085 -0.0185 3.7676 -0.0045 0.2473 0.0036 0.9689
344.681937 1.6397 -0.0149 4.2138 -0.0040 0.2829 0.0052 0.9591
344.785683 2.0020 -0.0119 4.6462 -0.0041 0.3182 0.0062 0.9480
344.889542 2.3970 -0.0116 5.0336 -0.0045 0.3519 0.0074 0.9360
344.993377 2.8228 -0.0114 5.4029 -0.0054 0.3838 0.0090 0.9233
345.096898 3.2800 0.0034 5.7280 -0.0060 0.4129 0.0099 0.9107
345.200606 3.7414 0.0049 6.0316 -0.0073 0.4402 0.0111 0.8978
345.304056 4.2515 0.0095 6.3233 -0.0084 0.4652 0.0110 0.8851
345.407513 4.7727 0.0162 6.6026 -0.0087 0.4885 0.0114 0.8725
345.511079 5.2878 0.0128 6.8578 -0.0105 0.5093 0.0105 0.8604
345.614480 5.8236 0.0231 7.1083 -0.0110 0.5281 0.0106 0.8490
345.717866 6.4010 0.0336 7.3411 -0.0126 0.5438 0.0098 0.8391
345.821343 6.9879 0.0349 7.5628 -0.0151 0.5587 0.0084 0.8292
345.924791 7.5777 0.0407 7.7604 -0.0170 0.5740 0.0068 0.8186
346.028294 8.1919 0.0450 7.9426 -0.0190 0.5891 0.0044 0.8079
346.131805 8.8191 0.0537 8.1191 -0.0196 0.6039 0.0028 0.7968
346.235421 9.4672 0.0652 8.2611 -0.0195 0.6182 0.0017 0.7858
346.339035 10.1387 0.0735 8.3810 -0.0192 0.6314 0.0007 0.7752
346.442654 10.8238 0.0822 8.4797 -0.0181 0.6437 0.0007 0.7651
346.546268 11.5219 0.0891 8.5712 -0.0171 0.6557 0.0009 0.7548
346.649908 12.2530 0.0992 8.6372 -0.0157 0.6669 0.0015 0.7450
346.753438 12.9929 0.1044 8.6835 -0.0149 0.6776 0.0018 0.7353
346.857011 13.7465 0.1089 8.7011 -0.0130 0.6874 0.0025 0.7261
346.960606 14.5167 0.1129 8.7007 -0.0106 0.6964 0.0041 0.7175
347.064350 15.3019 0.1187 8.6772 -0.0076 0.7052 0.0070 0.7090
347.167832 16.1105 0.1255 8.6459 -0.0064 0.7129 0.0101 0.7011
347.271452 16.9486 0.1308 8.5994 -0.0059 0.7200 0.0133 0.6938
347.375062 17.7880 0.1389 8.5460 -0.0058 0.7264 0.0147 0.6871
347.478594 18.6447 0.1470 8.4791 -0.0058 0.7322 0.0136 0.6809
347.582173 19.5155 0.1566 8.4034 -0.0048 0.7381 0.0117 0.6745
347.685789 20.4003 0.1672 8.2993 -0.0053 0.7440 0.0101 0.6681
347.789423 21.3120 0.1734 8.1872 -0.0065 0.7499 0.0103 0.6614
347.893020 22.2429 0.1821 8.0579 -0.0060 0.7554 0.0121 0.6551
347.996509 23.1716 0.1910 7.8967 -0.0042 0.7599 0.0132 0.6499
348.100125 24.1082 0.2024 7.7303 -0.0007 0.7636 0.0132 0.6455
348.203616 25.0578 0.2096 7.5566 0.0023 0.7667 0.0115 0.6418
348.307232 26.0134 0.2171 7.3698 0.0053 0.7696 0.0107 0.6384
348.410848 27.0012 0.2208 7.1768 0.0063 0.7719 0.0104 0.6356
348.514336 28.0077 0.2283 6.9872 0.0050 0.7735 0.0101 0.6337
348.617856 29.0212 0.2356 6.7766 0.0046 0.7744 0.0112 0.6326
348.721316 30.0462 0.2354 6.5673 0.0055 0.7759 0.0121 0.6307
348.824933 31.0873 0.2377 6.3527 0.0043 0.7770 0.0115 0.6294
348.928558 32.1337 0.2407 6.1330 0.0039 0.7779 0.0112 0.6283
349.032039 33.2051 0.2472 5.8913 0.0044 0.7787 0.0113 0.6273
349.135779 34.2750 0.2509 5.6456 0.0050 0.7795 0.0108 0.6262
349.239396 35.3328 0.2479 5.4044 0.0043 0.7804 0.0098 0.6251
349.343012 36.4282 0.2513 5.1793 0.0034 0.7816 0.0092 0.6237
349.446627 37.5106 0.2518 4.9483 0.0023 0.7826 0.0087 0.6225
349.550244 38.5846 0.2555 4.6978 0.0023 0.7834 0.0082 0.6214
349.653859 39.6961 0.2556 4.4485 0.0017 0.7845 0.0082 0.6201
349.757471 40.7786 0.2606 4.2008 0.0001 0.7856 0.0074 0.6186
349.861090 41.8731 0.2601 3.9207 -0.0009 0.7864 0.0063 0.6177
349.964707 42.9774 0.2715 3.6460 -0.0010 0.7870 0.0054 0.6170
350.068320 44.0733 0.2750 3.3783 -0.0018 0.7877 0.0052 0.6160
350.172066 45.1562 0.2787 3.1159 -0.0032 0.7886 0.0057 0.6149
350.275682 46.2534 0.2816 2.8470 -0.0038 0.7895 0.0052 0.6137
350.379425 47.3512 0.2803 2.5707 -0.0040 0.7903 0.0043 0.6126
350.483037 48.4495 0.2818 2.3052 -0.0041 0.7915 0.0037 0.6112
350.586772 49.5543 0.2827 2.0175 -0.0053 0.7921 0.0033 0.6103
350.690408 50.6625 0.2804 1.7410 -0.0054 0.7932 0.0032 0.6090
350.794130 51.7478 0.2807 1.4557 -0.0051 0.7939 0.0033 0.6080
350.897717 52.8421 0.2836 1.1696 -0.0055 0.7945 0.0038 0.6072
351.001912 53.9161 0.2836 0.8863 -0.0070 0.7950 0.0038 0.6066
351.104935 54.9956 0.2848 0.5946 -0.0080 0.7955 0.0036 0.6058
351.208563 56.0671 0.2787 0.3085 -0.0082 0.7961 0.0039 0.6051
351.312084 57.1562 0.2809 0.0195 -0.0084 0.7966 0.0048 0.6044
351.415740 58.2521 0.2867 -0.2785 -0.0082 0.7971 0.0058 0.6038
351.519370 59.3168 0.2854 -0.5748 -0.0084 0.7974 0.0067 0.6033
351.622990 60.3684 0.2948 -0.8720 -0.0078 0.7978 0.0071 0.6028
351.726669 61.4228 0.2971 -1.1767 -0.0075 0.7982 0.0066 0.6023
351.830282 62.4824 0.3032 -1.4788 -0.0071 0.7986 0.0053 0.6019
351.934116 63.5570 0.3067 -1.7846 -0.0068 0.7987 0.0046 0.6017
352.037516 64.6262 0.3116 -2.0758 -0.0061 0.7990 0.0049 0.6013
352.141256 65.6426 0.3022 -2.3416 -0.0051 0.7989 0.0071 0.6014
352.244879 66.6881 0.3029 -2.6344 -0.0051 0.7990 0.0081 0.6013
352.348910 67.7279 0.3072 -2.9259 -0.0051 0.7989 0.0084 0.6014
352.452511 68.7495 0.3097 -3.2134 -0.0053 0.7988 0.0082 0.6015
352.555863 69.7698 0.3160 -3.4923 -0.0053 0.7989 0.0075 0.6014
352.659483 70.8060 0.3218 -3.7766 -0.0060 0.7990 0.0069 0.6013
352.763069 71.8134 0.3236 -4.0652 -0.0062 0.7990 0.0066 0.6013
352.866814 72.7977 0.3243 -4.3568 -0.0063 0.7988 0.0063 0.6015
352.970455 73.7930 0.3286 -4.6480 -0.0054 0.7988 0.0068 0.6016
353.074046 74.7956 0.3316 -4.9343 -0.0048 0.7988 0.0070 0.6015
353.177533 75.7907 0.3361 -5.2257 -0.0044 0.7989 0.0069 0.6014
353.281148 76.7788 0.3368 -5.5029 -0.0039 0.7992 0.0068 0.6010
353.384891 77.7731 0.3333 -5.7848 -0.0034 0.7999 0.0065 0.6001
353.488506 78.7662 0.3334 -6.0755 -0.0022 0.8003 0.0052 0.5995
353.592120 79.7526 0.3293 -6.3549 -0.0011 0.8010 0.0041 0.5986
353.695872 80.7218 0.3244 -6.6311 0.0006 0.8018 0.0046 0.5975
353.799478 81.6859 0.3222 -6.9166 0.0003 0.8026 0.0047 0.5964
353.903091 82.5999 0.3156 -7.2169 0.0014 0.8033 0.0065 0.5955
354.006711 83.5579 0.3108 -7.5195 0.0013 0.8040 0.0078 0.5946
354.110452 84.4744 0.3159 -7.7952 0.0013 0.8049 0.0076 0.5933
354.214064 85.3643 0.3111 -8.0549 0.0012 0.8060 0.0077 0.5919
354.317804 86.2322 0.3092 -8.3323 0.0020 0.8070 0.0077 0.5905
354.421422 87.0760 0.3072 -8.6048 0.0032 0.8080 0.0080 0.5891
354.525161 87.9055 0.3116 -8.8728 0.0035 0.8089 0.0083 0.5879
354.628775 88.7137 0.3067 -9.1258 0.0050 0.8092 0.0085 0.5875
354.732389 89.5072 0.3008 -9.3871 0.0070 0.8088 0.0091 0.5880
354.836022 90.2804 0.2953 -9.6191 0.0085 0.8081 0.0095 0.5889
354.939517 91.0390 0.2961 -9.8604 0.0090 0.8068 0.0104 0.5906
355.043121 91.7858 0.2873 -10.0920 0.0093 0.8051 0.0127 0.5930
355.146603 92.5177 0.2831 -10.3147 0.0102 0.8025 0.0142 0.5964
355.250219 93.2387 0.2813 -10.5258 0.0111 0.7991 0.0143 0.6009
355.353710 93.9362 0.2819 -10.7090 0.0119 0.7955 0.0139 0.6057
355.457199 94.6114 0.2808 -10.8786 0.0122 0.7911 0.0141 0.6114
355.560814 95.2838 0.2853 -11.0392 0.0125 0.7861 0.0147 0.6179
355.664305 95.9165 0.2802 -11.1619 0.0122 0.7805 0.0159 0.6249
355.767796 96.5418 0.2718 -11.2846 0.0124 0.7727 0.0179 0.6344
355.871154 97.1231 0.2725 -11.3703 0.0139 0.7627 0.0196 0.6463
355.974524 97.7091 0.2681 -11.4253 0.0144 0.7502 0.0204 0.6607
356.077907 98.2631 0.2666 -11.4397 0.0147 0.7353 0.0204 0.6773
356.181133 98.7935 0.2652 -11.4241 0.0148 0.7176 0.0201 0.6960
356.284367 99.2938 0.2642 -11.3730 0.0141 0.6975 0.0188 0.7162
356.387610 99.7922 0.2616 -11.2983 0.0141 0.6746 0.0181 0.7379
356.490974 100.2597 0.2530 -11.1965 0.0137 0.6495 0.0180 0.7600
356.594218 100.7211 0.2486 -11.0601 0.0142 0.6224 0.0191 0.7824
356.697603 101.1742 0.2410 -10.8816 0.0131 0.5932 0.0201 0.8047
356.800948 101.6082 0.2410 -10.6677 0.0127 0.5628 0.0196 0.8263
356.904336 102.0223 0.2368 -10.4005 0.0117 0.5320 0.0168 0.8465
357.008244 102.4177 0.2368 -10.1277 0.0111 0.5001 0.0160 0.8657
357.111306 102.8027 0.2304 -9.8219 0.0091 0.4678 0.0169 0.8836
357.214918 103.1426 0.2320 -9.4890 0.0061 0.4358 0.0167 0.8999
357.318403 103.4621 0.2276 -9.1269 0.0021 0.4033 0.0157 0.9149
357.422246 103.7616 0.2279 -8.7377 -0.0008 0.3718 0.0127 0.9282
357.525915 104.0621 0.2275 -8.3275 -0.0023 0.3419 0.0113 0.9397
357.629649 104.3350 0.2259 -7.8961 -0.0019 0.3142 0.0104 0.9493
357.733390 104.5862 0.2190 -7.4522 -0.0013 0.2890 0.0102 0.9573
357.837248 104.8240 0.2212 -6.9914 0.0005 0.2664 0.0071 0.9638
357.941170 105.0409 0.2221 -6.5068 0.0019 0.2477 0.0035 0.9688
358.045087 105.2498 0.2225 -6.0070 0.0009 0.2320 -0.0019 0.9727
358.149085 105.4634 0.2199 -5.4847 -0.0006 0.2188 -0.0039 0.9758
358.253086 105.6798 0.2175 -4.9575 -0.0023 0.2070 -0.0038 0.9783
358.357057 105.9063 0.2154 -4.4071 -0.0034 0.1967 -0.0016 0.9805
358.461048 106.1135 0.2145 -3.8505 -0.0038 0.1880 -0.0012 0.9822
358.565052 106.3076 0.2118 -3.2974 -0.0029 0.1807 -0.0027 0.9835
358.668915 106.5046 0.2102 -2.7133 -0.0022 0.1744 -0.0057 0.9847
358.772809 106.7025 0.2100 -2.1213 -0.0009 0.1697 -0.0052 0.9855
358.876642 106.9090 0.2077 -1.5292 -0.0002 0.1657 -0.0024 0.9862
358.980519 107.1231 0.2082 -0.9064 0.0002 0.1627 -0.0015 0.9867
359.084242 107.3272 0.2037 -0.2398 0.0004 0.1614 -0.0016 0.9869
359.188104 107.5420 0.2003 0.4100 0.0014 0.1604 -0.0012 0.9871
359.291743 107.7825 0.2029 1.1077 0.0030 0.1578 -0.0001 0.9875
359.395459 108.0064 0.2026 1.8051 0.0041 0.1554 0.0028 0.9878
359.499077 108.2351 0.2039 2.5149 0.0057 0.1524 0.0049 0.9883
359.602816 108.4593 0.2004 3.2429 0.0053 0.1494 0.0049 0.9888
359.706695 108.6818 0.1969 3.9984 0.0054 0.1465 0.0045 0.9892
359.810065 108.9121 0.1894 4.7576 0.0057 0.1430 0.0046 0.9897
359.913663 109.1311 0.1815 5.5697 0.0066 0.1407 0.0045 0.9900
360.017407 109.3582 0.1762 6.3766 0.0077 0.1391 0.0036 0.9902
360.121296 109.5833 0.1700 7.2125 0.0085 0.1376 0.0048 0.9904
360.224642 109.8088 0.1588 8.0727 0.0077 0.1368 0.0072 0.9905
360.328379 110.0512 0.1527 8.9370 0.0063 0.1352 0.0080 0.9908
360.431995 110.2978 0.1484 9.8145 0.0051 0.1336 0.0094 0.9910
360.535613 110.5497 0.1470 10.7180 0.0050 0.1317 0.0104 0.9912
360.639397 110.7846 0.1394 11.6385 0.0040 0.1304 0.0084 0.9914
360.742963 111.0256 0.1392 12.5749 0.0021 0.1292 0.0050 0.9916
360.846701 111.2560 0.1383 13.5293 -0.0000 0.1290 0.0022 0.9916
360.950466 111.5019 0.1332 14.5075 -0.0006 0.1290 -0.0002 0.9916
361.054059 111.7395 0.1243 15.4783 0.0022 0.1293 0.0004 0.9916
361.157677 111.9885 0.1195 16.4589 0.0046 0.1295 0.0004 0.9916
361.261444 112.2600 0.1132 17.4428 0.0049 0.1293 0.0023 0.9916
361.365058 112.5222 0.1034 18.4392 0.0039 0.1296 0.0037 0.9916
361.468697 112.7774 0.0953 19.4173 0.0045 0.1299 0.0020 0.9915
361.572406 113.0263 0.0893 20.4358 0.0042 0.1304 0.0001 0.9914
361.675998 113.2968 0.0875 21.4588 0.0044 0.1303 -0.0002 0.9915
361.779619 113.5589 0.0769 22.4805 0.0048 0.1302 -0.0004 0.9915
361.883234 113.8269 0.0649 23.4998 0.0066 0.1296 0.0011 0.9915
361.986851 114.1043 0.0559 24.5268 0.0080 0.1286 0.0027 0.9917
362.090468 114.3652 0.0446 25.5481 0.0088 0.1276 0.0037 0.9918
362.194207 114.6177 0.0306 26.5786 0.0092 0.1269 0.0032 0.9919
362.297821 114.8574 0.0120 27.6001 0.0066 0.1270 0.0016 0.9919
362.401463 115.1212 -0.0048 28.6238 0.0049 0.1270 0.0002 0.9919
362.505051 115.3866 -0.0191 29.6435 0.0059 0.1271 -0.0008 0.9919
362.608795 115.6505 -0.0307 30.6862 0.0079 0.1272 -0.0009 0.9919
362.712409 115.9176 -0.0496 31.7371 0.0081 0.1273 0.0005 0.9918
362.816152 116.1900 -0.0599 32.7640 0.0055 0.1279 0.0038 0.9918
362.919763 116.4668 -0.0689 33.8035 0.0028 0.1284 0.0050 0.9917
363.023384 116.7347 -0.0792 34.8164 0.0026 0.1287 0.0050 0.9917
363.127121 117.0078 -0.0871 35.8175 0.0045 0.1288 0.0043 0.9917
363.230739 117.2675 -0.1000 36.8224 0.0060 0.1291 0.0020 0.9916
363.334354 117.5171 -0.1096 37.8281 0.0062 0.1298 0.0009 0.9915
363.438083 117.7788 -0.1168 38.8506 0.0038 0.1305 0.0008 0.9914
363.541585 118.0355 -0.1307 39.8752 0.0017 0.1309 0.0001 0.9914
363.645199 118.2973 -0.1419 40.8983 0.0026 0.1310 -0.0001 0.9914
363.748837 118.5684 -0.1467 41.9235 0.0050 0.1312 0.0006 0.9913
363.852552 118.8344 -0.1559 42.9581 0.0058 0.1317 0.0018 0.9913
363.956169 119.1269 -0.1745 43.9847 0.0036 0.1319 0.0030 0.9913
364.059786 119.4135 -0.1854 45.0349 0.0015 0.1318 0.0045 0.9913
364.163399 119.6906 -0.1934 46.1140 0.0015 0.1321 0.0056 0.9912
364.267142 119.9638 -0.1984 47.1574 0.0029 0.1325 0.0075 0.9912
364.370757 120.2536 -0.2023 48.2294 0.0027 0.1324 0.0085 0.9912
364.474373 120.5311 -0.2098 49.2967 0.0020 0.1328 0.0097 0.9911
364.578127 120.8134 -0.2153 50.3703 0.0024 0.1330 0.0107 0.9911
364.681751 121.0981 -0.2286 51.4411 0.0040 0.1327 0.0113 0.9911
364.785366 121.3791 -0.2309 52.5222 0.0067 0.1328 0.0118 0.9910
364.888849 121.6477 -0.2368 53.6168 0.0079 0.1329 0.0107 0.9910
364.992573 121.9303 -0.2493 54.7174 0.0070 0.1329 0.0095 0.9911
365.096187 122.2208 -0.2573 55.8140 0.0051 0.1330 0.0099 0.9911
365.199806 122.5206 -0.2669 56.9232 0.0033 0.1327 0.0092 0.9911
365.303424 122.8138 -0.2755 58.0542 0.0015 0.1334 0.0098 0.9910
365.407047 123.1234 -0.2775 59.1768 0.0008 0.1336 0.0109 0.9910
365.510648 123.4290 -0.2842 60.2862 0.0025 0.1340 0.0110 0.9909
365.614244 123.7270 -0.2891 61.3976 0.0050 0.1343 0.0110 0.9909
365.717768 124.0281 -0.3070 62.5600 0.0047 0.1346 0.0105 0.9908
365.821533 124.3250 -0.3202 63.6896 0.0040 0.1349 0.0101 0.9908
365.924989 124.6433 -0.3275 64.8177 0.0060 0.1342 0.0101 0.9909
366.028644 124.9608 -0.3357 65.9574 0.0083 0.1335 0.0101 0.9910
366.132222 125.2706 -0.3453 67.0701 0.0095 0.1330 0.0109 0.9910
366.235834 125.5818 -0.3623 68.2119 0.0085 0.1326 0.0112 0.9911
366.339452 125.8822 -0.3819 69.3693 0.0063 0.1321 0.0112 0.9912
366.443063 126.1928 -0.3930 70.5152 0.0045 0.1311 0.0118 0.9913
366.546691 126.4849 -0.4051 71.6554 0.0052 0.1306 0.0100 0.9914
366.650228 126.7743 -0.4217 72.7743 0.0094 0.1301 0.0088 0.9914
366.753786 127.0747 -0.4369 73.9085 0.0137 0.1294 0.0066 0.9915
366.857403 127.3765 -0.4539 75.0169 0.0139 0.1282 0.0066 0.9916
366.960896 127.6641 -0.4705 76.1319 0.0113 0.1276 0.0071 0.9917
367.064502 127.9488 -0.4883 77.2590 0.0086 0.1275 0.0086 0.9918
367.168125 128.2336 -0.4954 78.3509 0.0057 0.1272 0.0090 0.9918
367.271617 128.5160 -0.5076 79.4816 0.0046 0.1274 0.0096 0.9918
367.375234 128.8040 -0.5158 80.6041 0.0053 0.1274 0.0093 0.9918
367.478995 129.0819 -0.5276 81.7296 0.0052 0.1282 0.0091 0.9917
367.582460 129.3676 -0.5354 82.8411 0.0056 0.1288 0.0096 0.9916
367.686200 129.6527 -0.5455 83.9520 0.0084 0.1294 0.0091 0.9915
367.789969 129.9298 -0.5609 85.0430 0.0130 0.1295 0.0076 0.9915
367.893431 130.2139 -0.5756 86.1629 0.0148 0.1299 0.0070 0.9914
367.997449 130.5100 -0.5956 87.2664 0.0122 0.1299 0.0061 0.9914
368.100766 130.7851 -0.6179 88.3708 0.0076 0.1305 0.0032 0.9914
368.204295 131.0650 -0.6252 89.4703 0.0032 0.1313 0.0030 0.9913
368.307978 131.3611 -0.6367 90.5795 0.0005 0.1321 0.0045 0.9912
368.411570 131.6595 -0.6359 91.6763 0.0010 0.1321 0.0041 0.9912
368.515218 131.9591 -0.6481 92.7529 0.0065 0.1322 0.0075 0.9912
368.618863 132.2532 -0.6649 93.8193 0.0151 0.1323 0.0104 0.9910
368.722480 132.5453 -0.6881 94.8910 0.0187 0.1323 0.0106 0.9910
368.826098 132.8357 -0.7088 95.9637 0.0155 0.1322 0.0115 0.9910
368.929734 133.1162 -0.7321 97.0535 0.0091 0.1323 0.0123 0.9911
369.033550 133.4095 -0.7477 98.1739 0.0047 0.1324 0.0117 0.9911
369.137076 133.6773 -0.7569 99.2234 0.0011 0.1327 0.0101 0.9911
369.240742 133.9658 -0.7650 100.3012 -0.0012 0.1321 0.0095 0.9912
369.344279 134.2512 -0.7749 101.3472 -0.0000 0.1317 0.0079 0.9913
369.447909 134.5222 -0.7802 102.4000 0.0038 0.1316 0.0055 0.9913
369.551553 134.7901 -0.7942 103.4409 0.0077 0.1320 0.0048 0.9912
369.655271 135.0699 -0.8094 104.4762 0.0107 0.1325 0.0050 0.9911
369.758882 135.3505 -0.8270 105.5016 0.0138 0.1335 0.0048 0.9909
369.862625 135.6445 -0.8428 106.5410 0.0146 0.1341 0.0057 0.9908
369.966242 135.9304 -0.8589 107.5898 0.0124 0.1347 0.0070 0.9908
370.069985 136.2266 -0.8791 108.6218 0.0071 0.1347 0.0071 0.9908
370.173657 136.5077 -0.8925 109.6401 0.0024 0.1344 0.0064 0.9909
370.277214 136.7795 -0.9006 110.6659 0.0004 0.1341 0.0037 0.9910
370.380848 137.0408 -0.9128 111.6634 0.0015 0.1339 0.0009 0.9910
370.484502 137.3187 -0.9243 112.6456 0.0049 0.1328 -0.0004 0.9911
370.588147 137.5807 -0.9367 113.6078 0.0099 0.1316 0.0005 0.9912
370.691676 137.8261 -0.9557 114.5518 0.0124 0.1308 0.0018 0.9913
370.795413 138.0797 -0.9754 115.4966 0.0130 0.1298 0.0042 0.9914
370.899245 138.3379 -0.9952 116.4319 0.0100 0.1283 0.0065 0.9917
371.002647 138.5706 -1.0163 117.3357 0.0078 0.1276 0.0081 0.9918
371.106420 138.8100 -1.0411 118.2038 0.0085 0.1269 0.0080 0.9918
371.210023 139.0205 -1.0513 119.0666 0.0120 0.1265 0.0072 0.9919
371.313643 139.2403 -1.0621 119.9094 0.0143 0.1260 0.0082 0.9919
371.417362 139.4304 -1.0782 120.7492 0.0144 0.1257 0.0058 0.9919
371.520975 139.6439 -1.0943 121.5792 0.0140 0.1250 0.0051 0.9920
371.624717 139.9390 -1.1194 122.4326 0.0141 0.1229 0.0065 0.9923
371.728344 140.1614 -1.1252 123.2482 0.0133 0.1217 0.0032 0.9925
371.832089 140.3657 -1.1186 124.0586 0.0115 0.1209 -0.0005 0.9926
371.935686 140.5616 -1.1298 124.7808 0.0076 0.1192 -0.0005 0.9928
372.039304 140.7676 -1.1427 125.5438 0.0059 0.1175 -0.0005 0.9931
372.143066 140.9185 -1.1509 126.2530 0.0072 0.1169 -0.0009 0.9931
372.246653 141.0636 -1.1641 126.9347 0.0092 0.1158 -0.0021 0.9932
372.350401 141.2089 -1.1749 127.5928 0.0113 0.1146 -0.0008 0.9933
372.454014 141.3569 -1.1858 128.2322 0.0100 0.1129 -0.0016 0.9935
372.557756 141.4810 -1.1978 128.8457 0.0070 0.1128 -0.0021 0.9936
372.661371 141.6195 -1.2097 129.4327 0.0047 0.1125 -0.0050 0.9936
372.765106 141.7429 -1.2195 130.0175 0.0041 0.1130 -0.0061 0.9936
372.868726 141.8808 -1.2283 130.5736 0.0035 0.1142 -0.0078 0.9934
372.972465 142.0136 -1.2402 131.1047 0.0037 0.1172 -0.0085 0.9931
373.076082 142.1386 -1.2386 131.6244 0.0057 0.1211 -0.0097 0.9926
373.179824 142.2639 -1.2436 132.1209 0.0074 0.1265 -0.0115 0.9919
373.283685 142.3990 -1.2582 132.6013 0.0071 0.1341 -0.0132 0.9909
373.387508 142.5402 -1.2652 133.0695 0.0068 0.1439 -0.0132 0.9895
373.491166 142.7013 -1.2709 133.5070 0.0065 0.1556 -0.0110 0.9877
373.595031 142.8806 -1.2739 133.9334 0.0076 0.1692 -0.0077 0.9855
373.698906 143.0652 -1.2778 134.3391 0.0094 0.1853 -0.0067 0.9826
373.802948 143.2477 -1.2821 134.7467 0.0103 0.2041 -0.0066 0.9789
373.906871 143.4481 -1.2897 135.1296 0.0106 0.2235 -0.0055 0.9746
374.010787 143.6797 -1.2934 135.5028 0.0122 0.2431 -0.0018 0.9699
374.114595 143.9078 -1.2912 135.8732 0.0148 0.2639 0.0014 0.9644
374.218593 144.1691 -1.2953 136.2154 0.0169 0.2848 0.0051 0.9584
374.322389 144.4371 -1.3070 136.5338 0.0171 0.3059 0.0072 0.9519
374.426185 144.7296 -1.3155 136.8311 0.0169 0.3263 0.0085 0.9451
374.529981 145.0309 -1.3190 137.1231 0.0166 0.3473 0.0116 0.9375
374.633690 145.3512 -1.3156 137.3896 0.0165 0.3698 0.0135 0.9289
374.737530 145.6856 -1.3218 137.6516 0.0167 0.3942 0.0153 0.9187
374.841173 146.0385 -1.3243 137.9176 0.0166 0.4192 0.0167 0.9076
374.945052 146.4136 -1.3260 138.1676 0.0162 0.4441 0.0181 0.8956
375.048681 146.8066 -1.3290 138.3966 0.0151 0.4693 0.0182 0.8827
375.152292 147.2214 -1.3410 138.6027 0.0138 0.4946 0.0183 0.8688
375.256016 147.6618 -1.3396 138.7948 0.0141 0.5198 0.0165 0.8540
375.359620 148.1191 -1.3397 138.9550 0.0159 0.5443 0.0154 0.8386
375.463236 148.5867 -1.3372 139.0982 0.0182 0.5676 0.0141 0.8230
375.566861 149.0868 -1.3359 139.2350 0.0198 0.5903 0.0131 0.8069
375.670461 149.5851 -1.3383 139.3334 0.0203 0.6120 0.0128 0.7905
375.774550 150.1025 -1.3415 139.4081 0.0192 0.6327 0.0128 0.7740
375.877726 150.6352 -1.3452 139.4601 0.0177 0.6521 0.0135 0.7578
375.981193 151.1743 -1.3481 139.4762 0.0175 0.6701 0.0153 0.7419
376.084805 151.7358 -1.3451 139.4609 0.0178 0.6872 0.0172 0.7261
376.188443 152.3190 -1.3480 139.4483 0.0167 0.7036 0.0179 0.7102
376.292032 152.9069 -1.3539 139.4176 0.0160 0.7180 0.0162 0.6957
376.395525 153.4902 -1.3545 139.3496 0.0172 0.7302 0.0146 0.6828
376.499037 154.0987 -1.3511 139.2705 0.0198 0.7411 0.0144 0.6709
376.602382 154.7075 -1.3476 139.1715 0.0228 0.7503 0.0155 0.6605
376.705869 155.3307 -1.3415 139.0577 0.0245 0.7582 0.0170 0.6513
376.809239 155.9698 -1.3444 138.9292 0.0255 0.7649 0.0187 0.6434
376.912605 156.6325 -1.3447 138.8021 0.0251 0.7708 0.0182 0.6363
377.015966 157.3053 -1.3463 138.6602 0.0254 0.7757 0.0191 0.6303
377.119331 157.9984 -1.3437 138.5014 0.0257 0.7794 0.0202 0.6256
377.222822 158.7185 -1.3410 138.3262 0.0267 0.7822 0.0227 0.6221
377.326188 159.4701 -1.3389 138.1526 0.0265 0.7848 0.0240 0.6187
377.429696 160.2164 -1.3380 137.9755 0.0254 0.7873 0.0231 0.6156
377.533196 160.9710 -1.3377 137.7874 0.0275 0.7899 0.0222 0.6122
377.636792 161.7670 -1.3310 137.5550 0.0309 0.7920 0.0213 0.6094
377.740279 162.5566 -1.3390 137.3327 0.0335 0.7940 0.0192 0.6067
377.843895 163.3870 -1.3446 137.0941 0.0366 0.7952 0.0189 0.6050
377.947384 164.2407 -1.3447 136.8452 0.0387 0.7957 0.0191 0.6041
378.050999 165.1386 -1.3487 136.6037 0.0375 0.7963 0.0204 0.6033
378.154558 166.0110 -1.3542 136.3613 0.0337 0.7966 0.0215 0.6031
378.257978 166.8753 -1.3608 136.1482 0.0306 0.7965 0.0254 0.6033
378.361613 167.7954 -1.3620 135.8972 0.0274 0.7964 0.0267 0.6035
378.465235 168.7249 -1.3647 135.6361 0.0279 0.7964 0.0261 0.6036
378.568835 169.6443 -1.3649 135.3740 0.0316 0.7962 0.0232 0.6038
378.672452 170.5533 -1.3697 135.1104 0.0338 0.7960 0.0214 0.6040
378.776114 171.4854 -1.3780 134.8573 0.0353 0.7959 0.0218 0.6040
378.879739 172.4394 -1.3905 134.5873 0.0351 0.7956 0.0244 0.6043
378.983414 173.4088 -1.3977 134.3133 0.0342 0.7953 0.0249 0.6048
379.086921 174.3860 -1.3999 134.0275 0.0331 0.7943 0.0278 0.6060
379.190543 175.2669 -1.4075 133.7691 0.0322 0.7929 0.0313 0.6078
379.294135 176.2415 -1.4110 133.5134 0.0298 0.7919 0.0316 0.6091
379.397751 177.2153 -1.4141 133.2630 0.0314 0.7910 0.0290 0.6103
379.501360 178.1176 -1.4204 133.0660 0.0334 0.7903 0.0269 0.6112
379.604981 179.0639 -1.4217 132.8412 0.0338 0.7895 0.0251 0.6123
379.708598 180.0181 -1.4222 132.6241 0.0327 0.7890 0.0267 0.6129
379.812209 180.9694 -1.4185 132.3896 0.0302 0.7882 0.0286 0.6140
379.915828 181.9145 -1.4327 132.1597 0.0300 0.7874 0.0316 0.6149
380.019445 182.8353 -1.4402 131.9572 0.0299 0.7874 0.0300 0.6150
380.123078 183.8044 -1.4441 131.7283 0.0312 0.7878 0.0277 0.6146
380.226677 184.7486 -1.4501 131.4994 0.0331 0.7878 0.0260 0.6144
380.330292 185.7169 -1.4551 131.2413 0.0359 0.7876 0.0241 0.6147
380.434029 186.6834 -1.4616 130.9997 0.0370 0.7878 0.0222 0.6144
380.537646 187.6375 -1.4672 130.7435 0.0361 0.7879 0.0246 0.6142
380.641261 188.6210 -1.4703 130.4911 0.0355 0.7881 0.0285 0.6139
380.745000 189.5536 -1.4790 130.2512 0.0343 0.7885 0.0288 0.6134
380.848618 190.4932 -1.4786 130.0138 0.0348 0.7888 0.0278 0.6130
380.952233 191.4187 -1.4888 129.7762 0.0362 0.7891 0.0282 0.6125
381.055847 192.3430 -1.4917 129.5339 0.0374 0.7893 0.0278 0.6123
381.159589 193.2791 -1.4937 129.3026 0.0378 0.7898 0.0267 0.6116
381.263203 194.1936 -1.4988 129.0485 0.0390 0.7893 0.0284 0.6121
381.366817 195.1234 -1.5036 128.8021 0.0387 0.7886 0.0317 0.6129
381.470434 196.0270 -1.5104 128.5778 0.0373 0.7883 0.0321 0.6133
381.574176 196.9312 -1.5165 128.3530 0.0375 0.7881 0.0315 0.6136
381.677791 197.8262 -1.5182 128.1359 0.0375 0.7876 0.0315 0.6142
381.781430 198.7494 -1.5177 127.9087 0.0354 0.7875 0.0321 0.6145
381.885140 199.6414 -1.5191 127.6815 0.0333 0.7871 0.0315 0.6152
381.988759 200.5351 -1.5200 127.4526 0.0336 0.7866 0.0305 0.6158
382.092528 201.4008 -1.5198 127.2243 0.0345 0.7863 0.0302 0.6162
382.196006 202.2294 -1.5268 127.0131 0.0348 0.7861 0.0303 0.6164
382.299606 203.0440 -1.5330 126.8035 0.0350 0.7859 0.0298 0.6166
382.403352 203.8404 -1.5428 126.5948 0.0344 0.7857 0.0292 0.6170
382.507433 204.5837 -1.5510 126.3910 0.0349 0.7852 0.0302 0.6175
382.610751 205.3157 -1.5539 126.1889 0.0332 0.7849 0.0307 0.6179
382.714318 206.0601 -1.5577 126.0189 0.0314 0.7854 0.0302 0.6174
382.818025 206.7661 -1.5569 125.8503 0.0300 0.7862 0.0296 0.6165
382.921671 207.4666 -1.5502 125.6861 0.0303 0.7873 0.0304 0.6151
383.025357 208.1054 -1.5478 125.5094 0.0308 0.7880 0.0316 0.6141
383.129037 208.7253 -1.5467 125.3433 0.0303 0.7889 0.0320 0.6129
383.234652 209.2971 -1.5510 125.1826 0.0302 0.7900 0.0325 0.6115
383.336681 209.8537 -1.5517 125.0264 0.0307 0.7916 0.0320 0.6094
383.440042 210.3643 -1.5478 124.8444 0.0321 0.7930 0.0310 0.6076
383.543745 210.8394 -1.5498 124.6478 0.0334 0.7941 0.0304 0.6061
383.647375 211.3264 -1.5521 124.5114 0.0349 0.7966 0.0303 0.6027
383.751057 211.7872 -1.5521 124.3615 0.0344 0.7995 0.0300 0.5989
383.854738 212.2413 -1.5506 124.2203 0.0328 0.8036 0.0290 0.5935
383.958454 212.6758 -1.5522 124.0629 0.0311 0.8086 0.0279 0.5869
384.062219 213.1139 -1.5513 123.8933 0.0301 0.8145 0.0274 0.5788
384.166281 213.5551 -1.5499 123.7176 0.0299 0.8215 0.0273 0.5688
384.269852 213.9617 -1.5520 123.5243 0.0305 0.8290 0.0280 0.5577
384.375114 214.3673 -1.5409 123.3151 0.0313 0.8373 0.0271 0.5451
384.477140 214.7683 -1.5442 123.1026 0.0304 0.8465 0.0258 0.5308
384.581018 215.1675 -1.5371 122.8869 0.0296 0.8565 0.0236 0.5147
384.684819 215.5443 -1.5299 122.6494 0.0282 0.8667 0.0217 0.4975
384.788563 215.9161 -1.5371 122.3926 0.0258 0.8771 0.0213 0.4791
384.892244 216.2661 -1.5273 122.1204 0.0253 0.8875 0.0199 0.4597
384.996028 216.6054 -1.5299 121.8352 0.0240 0.8978 0.0179 0.4394
385.099801 216.9218 -1.5264 121.5383 0.0211 0.9079 0.0139 0.4185
385.203485 217.2420 -1.5262 121.2191 0.0207 0.9178 0.0129 0.3964
385.307143 217.5340 -1.5240 120.8638 0.0213 0.9269 0.0146 0.3743
385.410840 217.8287 -1.5226 120.4881 0.0224 0.9359 0.0172 0.3511
385.514546 218.1182 -1.5175 120.0957 0.0208 0.9446 0.0191 0.3270
385.618206 218.3733 -1.5144 119.6827 0.0191 0.9526 0.0206 0.3029
385.721825 218.6148 -1.5087 119.2530 0.0178 0.9601 0.0211 0.2782
385.825563 218.8379 -1.5082 118.8074 0.0171 0.9672 0.0213 0.2524
385.929290 219.0468 -1.4998 118.3465 0.0154 0.9738 0.0196 0.2259
386.032888 219.2198 -1.4930 117.8773 0.0147 0.9796 0.0164 0.1997
386.136760 219.3659 -1.4875 117.4041 0.0132 0.9846 0.0126 0.1741
386.240275 219.4850 -1.4848 116.9116 0.0160 0.9887 0.0116 0.1483
386.343762 219.5614 -1.4783 116.4173 0.0217 0.9920 0.0116 0.1236
386.447754 219.6346 -1.4699 115.9077 0.0251 0.9946 0.0116 0.1003
386.550876 219.6895 -1.4644 115.3954 0.0252 0.9965 0.0124 0.0785
386.654604 219.7286 -1.4594 114.8914 0.0231 0.9980 0.0132 0.0576
386.757945 219.7446 -1.4553 114.3812 0.0224 0.9990 0.0140 0.0372
386.861450 219.7314 -1.4471 113.8670 0.0243 0.9994 0.0146 0.0177
386.964933 219.7042 -1.4426 113.3580 0.0266 0.9995 0.0150 -0.0011
387.068421 219.6646 -1.4381 112.8447 0.0259 0.9994 0.0145 -0.0187
387.171908 219.6231 -1.4347 112.3298 0.0234 0.9990 0.0134 -0.0354
387.275469 219.5565 -1.4293 111.8138 0.0237 0.9983 0.0115 -0.0512
387.378892 219.4614 -1.4265 111.3145 0.0260 0.9974 0.0085 -0.0663
387.482382 219.3532 -1.4143 110.8042 0.0283 0.9964 0.0055 -0.0801
387.586022 219.2308 -1.4032 110.2847 0.0286 0.9953 0.0046 -0.0929
387.689386 219.1329 -1.3949 109.7691 0.0280 0.9942 0.0054 -0.1038
387.792852 218.9874 -1.3858 109.2269 0.0300 0.9933 0.0076 -0.1115
387.896243 218.8535 -1.3852 108.7163 0.0320 0.9925 0.0109 -0.1172
387.999585 218.7256 -1.3837 108.1695 0.0323 0.9919 0.0136 -0.1220
388.102949 218.5958 -1.3786 107.6753 0.0307 0.9915 0.0153 -0.1252
388.206442 218.4614 -1.3735 107.1756 0.0305 0.9913 0.0155 -0.1273
388.309808 218.3184 -1.3660 106.6516 0.0350 0.9911 0.0153 -0.1272
388.413047 218.1745 -1.3570 106.1316 0.0391 0.9913 0.0141 -0.1245
388.516412 218.0527 -1.3499 105.6276 0.0409 0.9919 0.0128 -0.1198
388.619655 217.9442 -1.3433 105.1037 0.0405 0.9926 0.0123 -0.1136
388.723017 217.8476 -1.3430 104.5789 0.0410 0.9934 0.0121 -0.1061
388.826258 217.7652 -1.3366 104.0544 0.0427 0.9944 0.0109 -0.0965
388.929649 217.7117 -1.3321 103.5399 0.0445 0.9953 0.0107 -0.0853
389.032988 217.6588 -1.3235 103.0060 0.0435 0.9964 0.0119 -0.0716
389.136232 217.6349 -1.3186 102.4904 0.0422 0.9974 0.0133 -0.0560
389.239599 217.6134 -1.3197 101.9643 0.0414 0.9984 0.0128 -0.0372
389.342836 217.6292 -1.3281 101.4326 0.0395 0.9990 0.0114 -0.0166
389.446202 217.6393 -1.3228 100.9447 0.0372 0.9992 0.0096 0.0067
389.549491 217.7077 -1.3195 100.4482 0.0341 0.9989 0.0079 0.0311
389.652809 217.7893 -1.3183 99.9798 0.0286 0.9979 0.0057 0.0576
389.756752 217.9324 -1.3187 99.5139 0.0217 0.9961 0.0044 0.0852
389.859523 218.0890 -1.3231 99.0526 0.0142 0.9933 0.0046 0.1148
389.962855 218.2717 -1.3242 98.6054 0.0087 0.9894 0.0041 0.1449
390.066139 218.4778 -1.3285 98.1720 0.0052 0.9843 0.0048 0.1761
390.169806 218.7094 -1.3269 97.7445 0.0049 0.9781 0.0086 0.2077
390.273014 218.9705 -1.3224 97.3265 0.0034 0.9707 0.0122 0.2398
390.376748 219.2492 -1.3256 96.9181 0.0021 0.9623 0.0163 0.2715
390.480103 219.5662 -1.3117 96.5264 -0.0022 0.9530 0.0161 0.3024
390.583598 219.9018 -1.3096 96.1810 -0.0034 0.9426 0.0155 0.3336
390.687325 220.2452 -1.2996 95.8532 -0.0010 0.9308 0.0127 0.3653
390.790712 220.6150 -1.2820 95.5337 0.0047 0.9179 0.0108 0.3966
390.894376 221.0143 -1.2740 95.2183 0.0093 0.9038 0.0102 0.4277
390.997952 221.4275 -1.2684 94.9587 0.0095 0.8896 0.0101 0.4565
391.101784 221.8680 -1.2689 94.7395 0.0077 0.8760 0.0102 0.4822
391.205359 222.3332 -1.2673 94.5298 0.0053 0.8628 0.0093 0.5054
391.309155 222.7983 -1.2679 94.3404 0.0045 0.8502 0.0079 0.5264
391.412898 223.2717 -1.2741 94.1677 0.0052 0.8382 0.0074 0.5453
391.516822 223.7609 -1.2734 94.0028 0.0058 0.8273 0.0056 0.5617
391.620724 224.2749 -1.2706 93.8486 0.0059 0.8180 0.0031 0.5751
391.724616 224.7859 -1.2760 93.7110 0.0043 0.8105 0.0005 0.5857
391.828641 225.3201 -1.2770 93.5837 0.0027 0.8049 -0.0024 0.5934
391.932715 225.8393 -1.2816 93.4231 0.0023 0.8002 -0.0037 0.5997
392.036691 226.4163 -1.2885 93.2882 0.0030 0.7966 -0.0038 0.6045
392.140655 227.0001 -1.2947 93.1475 0.0042 0.7936 -0.0043 0.6084
392.244685 227.5924 -1.2976 92.9931 0.0042 0.7918 -0.0051 0.6107
392.348665 228.2092 -1.2990 92.8360 0.0037 0.7908 -0.0057 0.6120
392.452842 228.8454 -1.3034 92.6837 0.0032 0.7905 -0.0059 0.6124
392.556571 229.5004 -1.3115 92.5260 0.0033 0.7909 -0.0051 0.6119
392.660403 230.1695 -1.3161 92.3570 0.0041 0.7913 -0.0046 0.6114
392.764288 230.8587 -1.3203 92.1696 0.0058 0.7915 -0.0045 0.6112
392.868010 231.5828 -1.3274 91.9903 0.0078 0.7919 -0.0044 0.6106
392.971748 232.3067 -1.3363 91.8024 0.0086 0.7920 -0.0045 0.6104
393.075491 233.0584 -1.3417 91.6072 0.0086 0.7922 -0.0049 0.6102
393.179231 233.8428 -1.3508 91.3993 0.0085 0.7922 -0.0048 0.6102
393.282993 234.6419 -1.3554 91.1869 0.0089 0.7922 -0.0041 0.6102
393.386712 235.4455 -1.3631 90.9653 0.0105 0.7922 -0.0032 0.6102
393.490325 236.2804 -1.3705 90.7570 0.0114 0.7922 -0.0032 0.6101
393.594065 237.1180 -1.3799 90.5471 0.0125 0.7921 -0.0026 0.6103
393.697682 237.9648 -1.3883 90.3264 0.0124 0.7914 -0.0017 0.6112
393.801365 238.8314 -1.3954 90.1046 0.0127 0.7905 -0.0002 0.6123
393.904915 239.7059 -1.4066 89.8835 0.0131 0.7895 0.0011 0.6137
394.008556 240.6026 -1.4185 89.6697 0.0134 0.7885 -0.0000 0.6149
394.112152 241.5091 -1.4290 89.4714 0.0144 0.7876 -0.0024 0.6160
394.215890 242.4284 -1.4409 89.2631 0.0159 0.7870 -0.0035 0.6168
394.319510 243.3818 -1.4492 89.0327 0.0154 0.7864 -0.0025 0.6176
394.423248 244.3532 -1.4664 88.7964 0.0144 0.7858 0.0007 0.6183
394.526953 245.3513 -1.4771 88.5554 0.0137 0.7854 0.0034 0.6188
394.630604 246.3627 -1.4819 88.3159 0.0147 0.7852 0.0044 0.6191
394.734216 247.3645 -1.4927 88.0821 0.0149 0.7849 0.0036 0.6194
394.837876 248.3925 -1.5022 87.8467 0.0152 0.7848 0.0023 0.6196
394.941595 249.4397 -1.5110 87.6005 0.0153 0.7847 0.0014 0.6197
395.045212 250.4938 -1.5243 87.3552 0.0136 0.7850 0.0004 0.6194
395.148949 251.5622 -1.5375 87.1052 0.0127 0.7853 -0.0015 0.6190
395.252545 252.6613 -1.5519 86.8679 0.0124 0.7854 -0.0024 0.6188
395.356287 253.6559 -1.5728 86.5944 0.0109 0.7854 -0.0037 0.6189
395.459913 254.7138 -1.5913 86.3517 0.0109 0.7858 -0.0037 0.6184
395.563513 255.7747 -1.6075 86.0979 0.0115 0.7859 -0.0035 0.6183
395.667276 256.9081 -1.6139 85.8788 0.0136 0.7861 -0.0012 0.6180
395.770879 257.9194 -1.6360 85.6209 0.0161 0.7861 0.0019 0.6179
395.874549 258.9862 -1.6606 85.3770 0.0160 0.7860 0.0016 0.6180
395.978241 260.0496 -1.6723 85.1186 0.0178 0.7856 0.0028 0.6184
396.081806 261.1012 -1.6892 84.8736 0.0178 0.7849 0.0043 0.6194
396.185335 262.1574 -1.7014 84.6411 0.0153 0.7839 0.0050 0.6206
396.289230 263.2254 -1.7123 84.3931 0.0137 0.7830 0.0051 0.6219
396.392586 264.2476 -1.7204 84.1811 0.0121 0.7823 0.0029 0.6228
396.496476 265.2894 -1.7320 83.9518 0.0123 0.7816 0.0003 0.6236
396.599918 266.3004 -1.7463 83.7282 0.0123 0.7811 -0.0018 0.6243
396.703583 267.3217 -1.7626 83.5090 0.0119 0.7806 -0.0029 0.6249
396.807274 268.3234 -1.7770 83.3030 0.0103 0.7803 -0.0031 0.6253
396.910983 269.3314 -1.7949 83.0975 0.0075 0.7802 -0.0023 0.6255
397.014398 270.3184 -1.8092 82.8932 0.0049 0.7800 -0.0032 0.6258
397.118084 271.2889 -1.8241 82.7005 0.0029 0.7799 -0.0045 0.6258
397.221625 272.2475 -1.8370 82.5173 0.0010 0.7798 -0.0072 0.6260
397.325266 273.1983 -1.8479 82.3071 -0.0002 0.7796 -0.0081 0.6263
397.428839 274.0970 -1.8638 82.1155 -0.0011 0.7795 -0.0090 0.6263
397.532454 275.0043 -1.8803 81.9256 -0.0029 0.7796 -0.0103 0.6261
397.636151 275.8888 -1.8942 81.7400 -0.0037 0.7797 -0.0109 0.6260
397.739809 276.7611 -1.9086 81.5530 -0.0045 0.7798 -0.0102 0.6259
397.843420 277.6331 -1.9197 81.3526 -0.0052 0.7796 -0.0098 0.6261
397.947058 278.4595 -1.9295 81.1767 -0.0057 0.7797 -0.0105 0.6260
398.050655 279.2598 -1.9404 80.9911 -0.0055 0.7796 -0.0111 0.6262
398.154398 280.0392 -1.9527 80.8140 -0.0040 0.7793 -0.0106 0.6265
398.258025 280.7764 -1.9621 80.6471 -0.0040 0.7791 -0.0108 0.6268
398.361651 281.4839 -1.9749 80.5048 -0.0044 0.7792 -0.0104 0.6267
398.465386 282.1799 -1.9871 80.3658 -0.0048 0.7793 -0.0109 0.6265
398.568987 282.8799 -1.9959 80.2126 -0.0051 0.7796 -0.0111 0.6262
398.672735 283.5382 -2.0055 80.0658 -0.0055 0.7802 -0.0103 0.6254
398.776468 284.1644 -2.0140 79.9185 -0.0060 0.7811 -0.0095 0.6242
398.880208 284.7456 -2.0232 79.7809 -0.0070 0.7824 -0.0092 0.6227
398.983844 285.3060 -2.0316 79.6504 -0.0074 0.7841 -0.0084 0.6206
399.087565 285.8293 -2.0396 79.5175 -0.0076 0.7859 -0.0080 0.6183
399.191323 286.3193 -2.0472 79.3997 -0.0067 0.7882 -0.0076 0.6154
399.294919 286.7623 -2.0547 79.2792 -0.0055 0.7906 -0.0078 0.6123
399.398679 287.1716 -2.0600 79.1690 -0.0043 0.7933 -0.0082 0.6087
399.502271 287.5612 -2.0660 79.0645 -0.0034 0.7962 -0.0087 0.6049
399.605890 287.9102 -2.0736 78.9624 -0.0032 0.7990 -0.0089 0.6013
399.709527 288.2363 -2.0798 78.8586 -0.0027 0.8018 -0.0090 0.5976
399.813244 288.5235 -2.0850 78.7516 -0.0001 0.8044 -0.0105 0.5939
399.916865 288.7955 -2.0916 78.6477 0.0026 0.8072 -0.0121 0.5901
400.020478 289.0494 -2.0976 78.5553 0.0039 0.8104 -0.0125 0.5858
400.124237 289.2774 -2.1000 78.4671 0.0045 0.8134 -0.0124 0.5816
400.227835 289.4987 -2.1039 78.3766 0.0052 0.8166 -0.0128 0.5770
400.331573 289.7127 -2.1128 78.2854 0.0065 0.8201 -0.0137 0.5720
400.435190 289.9238 -2.1175 78.1916 0.0077 0.8241 -0.0151 0.5662
400.538929 290.1241 -2.1206 78.0921 0.0089 0.8286 -0.0162 0.5595
400.642668 290.3270 -2.1260 77.9938 0.0096 0.8338 -0.0168 0.5518
400.746287 290.5272 -2.1331 77.8850 0.0096 0.8391 -0.0172 0.5436
400.850028 290.7187 -2.1357 77.7744 0.0104 0.8445 -0.0158 0.5353
400.953643 290.9095 -2.1396 77.6594 0.0103 0.8502 -0.0136 0.5262
401.057257 291.0996 -2.1483 77.5375 0.0099 0.8561 -0.0116 0.5166
401.160868 291.2807 -2.1559 77.4175 0.0095 0.8621 -0.0121 0.5066
401.264632 291.4664 -2.1599 77.2855 0.0114 0.8689 -0.0144 0.4947
401.368355 291.6551 -2.1645 77.1378 0.0142 0.8762 -0.0161 0.4815
401.472051 291.8667 -2.1716 76.9720 0.0165 0.8840 -0.0153 0.4670
401.575728 292.0931 -2.1769 76.7747 0.0187 0.8922 -0.0123 0.4511
401.679507 292.3306 -2.1814 76.5504 0.0187 0.9010 -0.0094 0.4332
401.783185 292.5600 -2.1889 76.3241 0.0172 0.9103 -0.0062 0.4136
401.887055 292.7810 -2.1953 76.0741 0.0146 0.9195 -0.0044 0.3929
401.990796 293.0262 -2.2000 75.7890 0.0128 0.9289 -0.0031 0.3700
402.094595 293.2535 -2.2031 75.4745 0.0125 0.9381 -0.0012 0.3461
402.198274 293.4632 -2.2093 75.1354 0.0136 0.9470 0.0012 0.3209
402.302140 293.6571 -2.2166 74.7855 0.0150 0.9558 0.0025 0.2936
402.405946 293.8439 -2.2211 74.4074 0.0156 0.9642 0.0021 0.2647
402.509623 294.0152 -2.2196 74.0008 0.0168 0.9721 0.0002 0.2339
402.613364 294.1721 -2.2215 73.5724 0.0163 0.9793 -0.0016 0.2017
402.717102 294.3057 -2.2192 73.1133 0.0156 0.9855 -0.0022 0.1689
402.820717 294.4038 -2.2099 72.6268 0.0170 0.9906 -0.0012 0.1361
402.924333 294.4664 -2.2110 72.1221 0.0187 0.9944 0.0006 0.1038
403.027952 294.4923 -2.2148 71.6092 0.0211 0.9972 0.0023 0.0723
403.131563 294.5041 -2.2144 71.0638 0.0220 0.9989 0.0029 0.0419
403.235056 294.4843 -2.2121 70.5106 0.0219 0.9997 0.0018 0.0125
403.338673 294.4303 -2.2115 69.9381 0.0208 0.9997 0.0009 -0.0156
403.442164 294.3540 -2.2093 69.3427 0.0201 0.9989 0.0014 -0.0420
403.545652 294.2452 -2.2075 68.7394 0.0198 0.9976 0.0026 -0.0659
403.649144 294.1024 -2.2044 68.0989 0.0212 0.9961 0.0031 -0.0860
403.752508 293.9312 -2.2001 67.4463 0.0233 0.9945 0.0033 -0.1023
403.855753 293.7615 -2.1989 66.7624 0.0251 0.9930 0.0034 -0.1151
403.958998 293.5707 -2.1958 66.0635 0.0272 0.9919 0.0036 -0.1240
404.062231 293.3746 -2.1889 65.3547 0.0282 0.9911 0.0035 -0.1298
404.165347 293.1734 -2.1872 64.6136 0.0293 0.9907 0.0032 -0.1331
404.268588 292.9616 -2.1813 63.8503 0.0296 0.9904 0.0025 -0.1348
404.371830 292.7446 -2.1773 63.0787 0.0297 0.9903 0.0022 -0.1357
404.475069 292.5153 -2.1711 62.2903 0.0296 0.9903 0.0024 -0.1360
404.578454 292.2925 -2.1688 61.4873 0.0293 0.9902 0.0035 -0.1362
404.681800 292.0474 -2.1630 60.6273 0.0300 0.9903 0.0049 -0.1355
404.785164 291.8108 -2.1526 59.7546 0.0298 0.9904 0.0057 -0.1348
404.888655 291.5819 -2.1413 58.8756 0.0300 0.9905 0.0050 -0.1339
404.992168 291.3339 -2.1353 57.9619 0.0301 0.9907 0.0030 -0.1323
405.095638 291.0838 -2.1337 57.0392 0.0294 0.9910 -0.0003 -0.1310
405.199303 290.8344 -2.1302 56.0924 0.0275 0.9912 -0.0029 -0.1296
405.302871 290.5952 -2.1250 55.1352 0.0261 0.9913 -0.0028 -0.1288
405.406482 290.3458 -2.1298 54.1395 0.0261 0.9914 0.0019 -0.1283
405.510096 290.0875 -2.1215 53.1110 0.0274 0.9914 0.0063 -0.1281
405.613719 289.8189 -2.1123 52.0803 0.0293 0.9913 0.0070 -0.1278
405.717337 289.5448 -2.0966 51.0283 0.0302 0.9914 0.0031 -0.1275
405.820964 289.2736 -2.0843 49.9689 0.0307 0.9914 -0.0014 -0.1270
405.924558 289.0038 -2.0873 48.9020 0.0300 0.9915 -0.0038 -0.1267
406.028300 288.7258 -2.0869 47.8113 0.0290 0.9916 -0.0034 -0.1263
406.131922 288.4348 -2.0877 46.6657 0.0286 0.9917 0.0002 -0.1257
406.235531 288.1344 -2.0807 45.5235 0.0286 0.9918 0.0047 -0.1247
406.339296 287.8436 -2.0749 44.3732 0.0290 0.9918 0.0071 -0.1245
406.442884 287.5524 -2.0639 43.2317 0.0295 0.9918 0.0057 -0.1243
406.546642 287.2682 -2.0542 42.0788 0.0290 0.9918 0.0026 -0.1240
406.650241 286.9826 -2.0510 40.9327 0.0297 0.9919 0.0002 -0.1238
406.754003 286.6917 -2.0478 39.7659 0.0293 0.9920 -0.0009 -0.1232
406.857602 286.3920 -2.0503 38.5917 0.0298 0.9920 0.0005 -0.1228
406.961371 286.1109 -2.0386 37.4033 0.0291 0.9920 0.0026 -0.1228
407.065524 285.8043 -2.0353 36.2271 0.0300 0.9921 0.0016 -0.1221
407.168581 285.5013 -2.0360 35.0454 0.0300 0.9921 -0.0008 -0.1215
407.272311 285.2179 -2.0354 33.8640 0.0294 0.9922 -0.0029 -0.1213
407.376014 284.9253 -2.0402 32.6680 0.0289 0.9923 -0.0030 -0.1207
407.479699 284.6319 -2.0474 31.4590 0.0280 0.9923 -0.0017 -0.1207
407.583285 284.3298 -2.0529 30.2456 0.0273 0.9923 0.0007 -0.1207
407.687031 284.0487 -2.0537 29.0507 0.0258 0.9923 0.0029 -0.1213
407.790639 283.7686 -2.0533 27.8412 0.0250 0.9922 0.0036 -0.1221
407.894249 283.4632 -2.0508 26.6309 0.0255 0.9921 0.0029 -0.1229
407.997865 283.1672 -2.0575 25.4261 0.0252 0.9920 0.0012 -0.1235
408.101526 282.8774 -2.0617 24.1935 0.0250 0.9919 -0.0013 -0.1244
408.205128 282.5802 -2.0713 23.0027 0.0247 0.9918 -0.0023 -0.1250
408.308862 282.2699 -2.0778 21.7870 0.0243 0.9918 -0.0013 -0.1256
408.412457 281.9658 -2.0790 20.5823 0.0232 0.9918 0.0005 -0.1259
408.516071 281.6574 -2.0784 19.3717 0.0225 0.9918 0.0017 -0.1260
408.619812 281.3529 -2.0773 18.1388 0.0216 0.9918 0.0041 -0.1263
408.723534 281.0623 -2.0721 16.9213 0.0210 0.9917 0.0065 -0.1267
408.827166 280.7332 -2.0709 15.6762 0.0187 0.9918 0.0059 -0.1265
408.930809 280.4483 -2.0623 14.4318 0.0173 0.9918 0.0033 -0.1269
409.034400 280.1443 -2.0612 13.1938 0.0151 0.9918 0.0011 -0.1269
409.138140 279.8525 -2.0640 11.9694 0.0131 0.9918 -0.0000 -0.1270
409.241773 279.5485 -2.0628 10.7469 0.0121 0.9918 -0.0003 -0.1270
409.345370 279.2360 -2.0718 9.5164 0.0121 0.9919 0.0017 -0.1268
409.449008 278.9652 -2.0536 8.1453 0.0144 0.9918 0.0028 -0.1267
409.552601 278.6714 -2.0550 6.8946 0.0142 0.9918 0.0036 -0.1268
409.656218 278.3458 -2.0560 5.6648 0.0150 0.9918 0.0039 -0.1265
409.759977 278.0504 -2.0526 4.4269 0.0150 0.9918 0.0040 -0.1265
409.863722 277.7489 -2.0517 3.2125 0.0156 0.9919 0.0036 -0.1261
409.967490 277.4422 -2.0508 1.9857 0.0149 0.9920 0.0041 -0.1255
410.070924 277.1366 -2.0479 0.7291 0.0148 0.9920 0.0042 -0.1252
410.174672 276.8130 -2.0605 -0.4911 0.0143 0.9921 0.0031 -0.1247
410.278391 276.5045 -2.0626 -1.7501 0.0134 0.9921 0.0009 -0.1246
410.382022 276.1840 -2.0616 -2.9579 0.0142 0.9921 0.0012 -0.1243
410.485641 275.8764 -2.0652 -4.1939 0.0135 0.9921 0.0031 -0.1245
410.589383 275.5726 -2.0714 -5.4082 0.0142 0.9921 0.0049 -0.1247
410.692996 275.2753 -2.0692 -6.6382 0.0143 0.9921 0.0058 -0.1249
410.796700 274.9574 -2.0692 -7.8563 0.0146 0.9921 0.0062 -0.1247
410.900370 274.6564 -2.0674 -9.0723 0.0163 0.9920 0.0050 -0.1248
411.004006 274.3464 -2.0634 -10.3053 0.0172 0.9920 0.0035 -0.1247
411.107605 274.0338 -2.0668 -11.4799 0.0181 0.9921 0.0026 -0.1245
411.211203 273.7351 -2.0652 -12.6877 0.0193 0.9921 0.0029 -0.1242
411.314817 273.4210 -2.0627 -13.8948 0.0210 0.9921 0.0043 -0.1235
411.418430 273.1015 -2.0563 -15.1155 0.0235 0.9922 0.0057 -0.1227
411.522045 272.8041 -2.0555 -16.2991 0.0250 0.9922 0.0046 -0.1221
411.625789 272.5373 -2.0533 -17.4675 0.0256 0.9922 0.0021 -0.1220
411.729401 272.2428 -2.0588 -18.6468 0.0265 0.9922 0.0015 -0.1216
411.833039 271.9518 -2.0587 -19.7870 0.0275 0.9923 0.0020 -0.1211
411.936664 271.6617 -2.0728 -20.9250 0.0281 0.9923 0.0037 -0.1208
412.040249 271.3900 -2.0734 -22.0868 0.0298 0.9922 0.0056 -0.1206
412.143988 271.1083 -2.0717 -23.2249 0.0310 0.9923 0.0067 -0.1201
412.247607 270.8375 -2.0688 -24.3683 0.0321 0.9923 0.0061 -0.1197
412.351344 270.5695 -2.0710 -25.4034 0.0321 0.9923 0.0050 -0.1194
412.454973 270.3050 -2.0686 -26.4976 0.0310 0.9924 0.0037 -0.1192
412.558713 270.0717 -2.0700 -27.5393 0.0301 0.9924 0.0026 -0.1193
412.662315 269.8235 -2.0728 -28.5825 0.0290 0.9924 0.0025 -0.1196
412.766055 269.5735 -2.0751 -29.5942 0.0279 0.9923 0.0032 -0.1204
412.869672 269.3409 -2.0761 -30.6288 0.0261 0.9922 0.0033 -0.1215
412.973416 269.1074 -2.0842 -31.6115 0.0261 0.9921 0.0026 -0.1227
413.077038 268.8545 -2.0821 -32.6115 0.0265 0.9919 0.0023 -0.1239
413.180648 268.6027 -2.0825 -33.5791 0.0267 0.9918 0.0027 -0.1251
413.284381 268.3750 -2.0798 -34.5174 0.0276 0.9916 0.0028 -0.1266
413.388006 268.1231 -2.0820 -35.4473 0.0284 0.9914 0.0030 -0.1275
413.491600 267.8897 -2.0833 -36.3566 0.0288 0.9912 0.0035 -0.1288
413.595230 267.6653 -2.0817 -37.2487 0.0309 0.9910 0.0044 -0.1301
413.698993 267.4402 -2.0792 -38.1038 0.0306 0.9909 0.0056 -0.1310
413.802577 267.2209 -2.0781 -38.9538 0.0306 0.9907 0.0059 -0.1323
413.906355 267.0227 -2.0752 -39.7795 0.0299 0.9906 0.0046 -0.1336
414.010139 266.8037 -2.0754 -40.5806 0.0289 0.9905 0.0019 -0.1346
414.113787 266.5926 -2.0789 -41.3668 0.0281 0.9904 0.0004 -0.1355
414.217234 266.3869 -2.0781 -42.1201 0.0280 0.9903 0.0009 -0.1362
414.321008 266.1906 -2.0756 -42.8662 0.0277 0.9902 0.0029 -0.1370
414.424776 265.9996 -2.0804 -43.5547 0.0276 0.9902 0.0037 -0.1372
414.528212 265.8178 -2.0875 -44.2192 0.0265 0.9903 0.0025 -0.1364
414.631775 265.6403 -2.0891 -44.8721 0.0254 0.9906 0.0006 -0.1342
414.735545 265.4823 -2.0925 -45.4895 0.0247 0.9910 -0.0001 -0.1312
414.838863 265.3675 -2.0959 -46.0819 0.0225 0.9915 0.0001 -0.1283
414.942362 265.2666 -2.0978 -46.6447 0.0205 0.9920 0.0003 -0.1249
415.045971 265.1500 -2.1035 -47.1957 0.0191 0.9927 0.0008 -0.1191
415.149496 265.0330 -2.1033 -47.7406 0.0197 0.9936 0.0011 -0.1108
415.252945 264.9419 -2.1051 -48.2401 0.0201 0.9948 0.0007 -0.1003
415.356344 264.8745 -2.1085 -48.7389 0.0211 0.9960 0.0006 -0.0864
415.459555 264.8396 -2.1093 -49.2292 0.0215 0.9975 0.0008 -0.0678
415.562856 264.8340 -2.1133 -49.7266 0.0214 0.9987 0.0023 -0.0451
415.666032 264.8482 -2.1139 -50.2217 0.0218 0.9996 0.0034 -0.0188
415.769149 264.8951 -2.1131 -50.6973 0.0222 0.9997 0.0048 0.0112
415.872266 264.9863 -2.1112 -51.1795 0.0220 0.9988 0.0069 0.0437
415.975506 265.1018 -2.1141 -51.6393 0.0208 0.9967 0.0095 0.0781
416.078998 265.2360 -2.1178 -52.0771 0.0184 0.9933 0.0126 0.1134
416.182077 265.4092 -2.1167 -52.5127 0.0170 0.9886 0.0149 0.1487
416.285414 265.6076 -2.1167 -52.9207 0.0164 0.9826 0.0156 0.1843
416.388769 265.8329 -2.1185 -53.3304 0.0179 0.9749 0.0171 0.2212
416.492196 266.0944 -2.1134 -53.7129 0.0174 0.9655 0.0175 0.2591
416.595471 266.4099 -2.1105 -54.0759 0.0159 0.9546 0.0174 0.2969
416.698946 266.7574 -2.1072 -54.4355 0.0131 0.9419 0.0180 0.3351
416.802379 267.1209 -2.1017 -54.7754 0.0164 0.9274 0.0202 0.3733
416.905823 267.5055 -2.1007 -55.1032 0.0217 0.9108 0.0202 0.4117
417.009315 267.9234 -2.1042 -55.3693 0.0244 0.8928 0.0180 0.4494
417.112928 268.3832 -2.1056 -55.5931 0.0263 0.8737 0.0138 0.4856
417.216536 268.8672 -2.1037 -55.7970 0.0273 0.8539 0.0101 0.5197
417.320283 269.3756 -2.1003 -55.9681 0.0286 0.8344 0.0081 0.5504
417.424127 269.8976 -2.1017 -56.1091 0.0264 0.8160 0.0072 0.5774
417.528117 270.4537 -2.1145 -56.2294 0.0225 0.7994 0.0093 0.6003
417.632108 271.0181 -2.1252 -56.3220 0.0182 0.7850 0.0101 0.6191
417.736291 271.5880 -2.1322 -56.4096 0.0170 0.7731 0.0096 0.6340
417.840463 272.1666 -2.1350 -56.4711 0.0160 0.7636 0.0059 0.6454
417.944664 272.7672 -2.1408 -56.5406 0.0133 0.7564 0.0048 0.6539
418.048942 273.3849 -2.1426 -56.6023 0.0102 0.7518 0.0058 0.6593
418.153188 274.0207 -2.1456 -56.6696 0.0080 0.7492 0.0070 0.6623
418.257428 274.6587 -2.1533 -56.7401 0.0073 0.7483 0.0075 0.6633
418.361663 275.3145 -2.1538 -56.8019 0.0082 0.7482 0.0043 0.6634
418.465755 275.9728 -2.1551 -56.8749 0.0127 0.7481 0.0006 0.6634
418.569839 276.6517 -2.1557 -56.9653 0.0169 0.7481 -0.0013 0.6633
418.673777 277.3542 -2.1592 -57.0628 0.0186 0.7483 -0.0008 0.6631
418.777802 278.0830 -2.1705 -57.1622 0.0185 0.7486 0.0016 0.6627
418.881620 278.8634 -2.1742 -57.2451 0.0177 0.7496 0.0013 0.6616
418.985591 279.6340 -2.1838 -57.3442 0.0160 0.7511 0.0008 0.6600
419.089407 280.4211 -2.1881 -57.4489 0.0142 0.7531 -0.0011 0.6578
419.193427 281.2148 -2.1976 -57.5641 0.0122 0.7556 -0.0036 0.6549
419.297145 282.0426 -2.2043 -57.6830 0.0110 0.7588 -0.0050 0.6512
419.400948 282.8847 -2.2130 -57.8231 0.0088 0.7621 -0.0049 0.6474
419.504690 283.7425 -2.2201 -57.9754 0.0054 0.7654 -0.0049 0.6436
419.608481 284.6130 -2.2308 -58.1237 0.0031 0.7688 -0.0047 0.6395
419.712190 285.5000 -2.2399 -58.3014 0.0028 0.7717 -0.0055 0.6359
419.815923 286.4130 -2.2453 -58.4845 0.0048 0.7748 -0.0051 0.6322
419.919527 287.3354 -2.2551 -58.6934 0.0052 0.7769 -0.0035 0.6296
420.023141 288.2776 -2.2616 -58.9013 0.0050 0.7784 -0.0016 0.6277
420.126876 289.2303 -2.2662 -59.1206 0.0039 0.7792 0.0008 0.6268
420.230495 290.1957 -2.2693 -59.3371 0.0039 0.7797 0.0025 0.6261
420.334115 291.1699 -2.2762 -59.5476 0.0037 0.7802 0.0025 0.6255
420.437732 292.1386 -2.2808 -59.7542 0.0030 0.7807 -0.0001 0.6249
420.541471 293.1380 -2.2843 -59.9664 0.0034 0.7811 -0.0023 0.6244
420.645086 294.1404 -2.2900 -60.1870 0.0031 0.7816 -0.0035 0.6238
420.748723 295.1680 -2.2998 -60.4201 0.0030 0.7821 -0.0040 0.6231
420.852441 296.1987 -2.3076 -60.6558 0.0032 0.7826 -0.0033 0.6225
420.956058 297.2388 -2.3160 -60.9023 0.0029 0.7831 -0.0035 0.6219
421.059697 298.2614 -2.3218 -61.1395 0.0017 0.7838 -0.0034 0.6210
421.163289 299.3169 -2.3272 -61.3912 0.0012 0.7843 -0.0035 0.6203
421.266904 300.3700 -2.3360 -61.6370 0.0014 0.7850 -0.0026 0.6195
421.370535 301.4189 -2.3394 -61.8731 0.0009 0.7854 -0.0036 0.6189
421.474129 302.4805 -2.3518 -62.1390 0.0022 0.7852 -0.0039 0.6192
421.577764 303.5487 -2.3561 -62.4090 0.0022 0.7848 -0.0045 0.6197
421.681359 304.6084 -2.3730 -62.6474 -0.0000 0.7848 -0.0035 0.6198
421.784975 305.6705 -2.3793 -62.9069 -0.0010 0.7844 -0.0021 0.6202
421.888593 306.6923 -2.3803 -63.1598 -0.0022 0.7841 -0.0032 0.6207
421.992220 307.7660 -2.3861 -63.4106 -0.0012 0.7836 -0.0036 0.6213
422.095948 308.8293 -2.3957 -63.6634 0.0015 0.7829 -0.0044 0.6222
422.199565 309.8792 -2.4102 -63.9000 0.0013 0.7823 -0.0062 0.6228
422.303179 311.0225 -2.4290 -64.1024 0.0002 0.7823 -0.0050 0.6229
422.406795 312.0876 -2.4451 -64.3431 -0.0000 0.7821 -0.0042 0.6232
422.510407 313.1886 -2.4690 -64.5539 -0.0002 0.7820 -0.0055 0.6232
422.614169 314.2953 -2.4879 -64.7894 -0.0018 0.7818 -0.0069 0.6235
422.717765 315.3684 -2.4975 -65.0075 -0.0027 0.7821 -0.0074 0.6231
422.821524 316.4215 -2.5110 -65.2426 -0.0040 0.7825 -0.0066 0.6227
422.925134 317.4650 -2.5218 -65.4784 -0.0050 0.7831 -0.0059 0.6219
423.028737 318.5036 -2.5321 -65.7254 -0.0054 0.7838 -0.0057 0.6210
423.132478 319.5250 -2.5431 -65.9628 -0.0049 0.7847 -0.0057 0.6198
423.236090 320.5566 -2.5500 -66.2081 -0.0042 0.7859 -0.0069 0.6183
423.339832 321.5709 -2.5609 -66.4539 -0.0040 0.7871 -0.0084 0.6168
423.443441 322.6028 -2.5745 -66.7146 -0.0041 0.7880 -0.0091 0.6155
423.547065 323.6289 -2.5866 -66.9770 -0.0047 0.7891 -0.0087 0.6142
423.650822 324.6437 -2.5958 -67.2227 -0.0064 0.7904 -0.0083 0.6125
423.754420 325.6393 -2.6055 -67.4764 -0.0077 0.7916 -0.0066 0.6110
423.858178 326.6606 -2.6082 -67.7547 -0.0072 0.7926 -0.0054 0.6097
423.961775 327.6465 -2.6144 -68.0328 -0.0058 0.7936 -0.0053 0.6084
424.065390 328.5802 -2.6259 -68.2825 -0.0034 0.7944 -0.0061 0.6073
424.169134 329.5020 -2.6369 -68.5400 -0.0014 0.7951 -0.0058 0.6065
424.272765 330.4187 -2.6453 -68.8085 0.0002 0.7954 -0.0056 0.6060
424.376366 331.3205 -2.6571 -69.0688 0.0021 0.7957 -0.0054 0.6057
424.480102 332.1919 -2.6672 -69.3130 0.0035 0.7958 -0.0054 0.6055
424.583732 333.0449 -2.6767 -69.5468 0.0040 0.7960 -0.0050 0.6053
424.687481 333.8927 -2.6919 -69.7833 0.0049 0.7959 -0.0039 0.6054
424.791072 334.7201 -2.7068 -70.0097 0.0064 0.7952 -0.0036 0.6064
424.894564 335.5634 -2.7171 -70.2370 0.0084 0.7939 -0.0024 0.6079
424.998182 336.4123 -2.7266 -70.4569 0.0096 0.7917 -0.0007 0.6108
425.101735 337.2691 -2.7404 -70.6626 0.0102 0.7888 0.0014 0.6146
425.205180 338.1196 -2.7542 -70.8607 0.0099 0.7852 0.0017 0.6192
425.308777 338.9626 -2.7705 -71.0243 0.0105 0.7814 0.0002 0.6240
425.412270 339.8126 -2.7831 -71.1711 0.0120 0.7774 -0.0024 0.6289
425.515889 340.6508 -2.7909 -71.3378 0.0132 0.7732 -0.0053 0.6340
425.619519 341.5009 -2.8040 -71.4647 0.0126 0.7699 -0.0081 0.6380
425.723245 342.3507 -2.8209 -71.6022 0.0115 0.7672 -0.0096 0.6413
425.826916 343.2255 -2.8402 -71.7405 0.0105 0.7654 -0.0101 0.6434
425.930595 344.0844 -2.8544 -71.8831 0.0092 0.7643 -0.0116 0.6447
426.034564 344.9636 -2.8697 -72.0130 0.0083 0.7642 -0.0132 0.6448
426.138241 345.8419 -2.8848 -72.1590 0.0081 0.7643 -0.0145 0.6446
426.241694 346.7399 -2.9025 -72.3191 0.0086 0.7648 -0.0139 0.6441
426.345447 347.6540 -2.9176 -72.4724 0.0076 0.7654 -0.0123 0.6434
426.449188 348.5789 -2.9302 -72.6219 0.0041 0.7662 -0.0093 0.6425
426.553089 349.5290 -2.9413 -72.7749 -0.0026 0.7675 -0.0050 0.6411
426.656532 350.5065 -2.9462 -72.9397 -0.0052 0.7692 -0.0040 0.6390
426.760392 351.4813 -2.9501 -73.0981 -0.0057 0.7713 -0.0097 0.6364
426.864012 352.4562 -2.9552 -73.2856 -0.0029 0.7735 -0.0147 0.6336
426.967759 353.4285 -2.9592 -73.4734 -0.0038 0.7754 -0.0147 0.6313
427.071534 354.4872 -2.9712 -73.6925 -0.0056 0.7773 -0.0095 0.6290
427.175170 355.4806 -2.9871 -73.9319 -0.0057 0.7787 -0.0075 0.6274
427.279156 356.5202 -2.9932 -74.1736 -0.0015 0.7798 -0.0110 0.6259
427.382358 357.5658 -3.0006 -74.3932 0.0000 0.7809 -0.0157 0.6244
427.486096 358.6392 -3.0085 -74.6282 -0.0031 0.7823 -0.0174 0.6227
427.589693 359.6917 -3.0186 -74.8836 -0.0067 0.7836 -0.0167 0.6210
427.693440 360.7873 -3.0379 -75.1351 -0.0066 0.7853 -0.0195 0.6188
427.797177 361.8491 -3.0582 -75.4160 -0.0008 0.7864 -0.0230 0.6172
427.900914 362.9523 -3.0788 -75.6979 0.0042 0.7878 -0.0236 0.6155
428.004577 364.0755 -3.1006 -75.9956 0.0051 0.7892 -0.0193 0.6138
428.108290 365.2324 -3.1208 -76.3188 0.0033 0.7909 -0.0137 0.6118
428.211907 366.3593 -3.1417 -76.6259 0.0016 0.7927 -0.0111 0.6095
428.315503 367.5004 -3.1616 -76.9206 0.0014 0.7942 -0.0117 0.6075
428.419133 368.6210 -3.1826 -77.2105 0.0022 0.7955 -0.0120 0.6058
428.522607 369.7397 -3.2009 -77.5052 0.0039 0.7965 -0.0117 0.6045
428.626221 370.8603 -3.2200 -77.8166 0.0051 0.7970 -0.0114 0.6039
428.729848 371.9849 -3.2436 -78.1398 0.0037 0.7970 -0.0100 0.6038
428.833451 373.1132 -3.2652 -78.4658 0.0022 0.7968 -0.0084 0.6042
428.936946 374.2432 -3.2833 -78.7685 0.0041 0.7965 -0.0087 0.6045
429.040563 375.3467 -3.2967 -79.0646 0.0094 0.7957 -0.0105 0.6055
429.144051 376.4907 -3.3216 -79.3842 0.0143 0.7937 -0.0098 0.6081
429.247539 377.6286 -3.3449 -79.6943 0.0157 0.7914 -0.0070 0.6110
429.351161 378.7640 -3.3669 -79.9767 0.0146 0.7895 -0.0038 0.6136
429.454646 379.8876 -3.3849 -80.2520 0.0128 0.7876 -0.0051 0.6161
429.558282 381.0278 -3.4065 -80.5096 0.0110 0.7861 -0.0082 0.6180
429.661878 382.1484 -3.4293 -80.7640 0.0101 0.7848 -0.0114 0.6196
429.765493 383.2733 -3.4404 -81.0211 0.0093 0.7839 -0.0138 0.6207
429.869237 384.3982 -3.4628 -81.2820 0.0087 0.7833 -0.0133 0.6215
429.972909 385.5391 -3.4773 -81.5482 0.0076 0.7827 -0.0102 0.6223
430.076503 386.6412 -3.5048 -81.7891 0.0065 0.7821 -0.0062 0.6231
430.180102 387.8196 -3.5227 -82.0691 0.0054 0.7813 -0.0058 0.6241
430.283819 388.9554 -3.5385 -82.3109 0.0054 0.7814 -0.0095 0.6239
430.387435 390.0402 -3.5524 -82.5416 0.0072 0.7812 -0.0138 0.6240
430.491050 391.1356 -3.5761 -82.7745 0.0090 0.7812 -0.0128 0.6241
430.594789 392.2406 -3.5999 -83.0282 0.0090 0.7804 -0.0104 0.6251
430.699180 393.3552 -3.6174 -83.2757 0.0088 0.7793 -0.0071 0.6265
430.802102 394.4600 -3.6361 -83.5225 0.0088 0.7783 -0.0049 0.6278
430.905793 395.5057 -3.6614 -83.7755 0.0072 0.7772 -0.0041 0.6291
431.009424 396.6134 -3.6797 -83.9942 0.0058 0.7768 -0.0058 0.6297
431.113097 397.7185 -3.6980 -84.2042 0.0048 0.7760 -0.0082 0.6306
431.216698 398.8048 -3.7172 -84.4215 0.0052 0.7752 -0.0107 0.6315
431.320244 399.9231 -3.7366 -84.6514 0.0069 0.7747 -0.0118 0.6322
431.423987 401.0051 -3.7617 -84.8550 0.0071 0.7743 -0.0119 0.6326
431.527594 402.0554 -3.7892 -85.0629 0.0068 0.7738 -0.0086 0.6333
431.631198 403.1344 -3.8142 -85.2793 0.0053 0.7735 -0.0053 0.6337
431.734939 404.2121 -3.8274 -85.4967 0.0041 0.7732 -0.0050 0.6341
431.838560 405.2745 -3.8423 -85.7167 0.0046 0.7731 -0.0060 0.6342
431.942312 406.3486 -3.8634 -85.9412 0.0053 0.7730 -0.0075 0.6343
432.046005 407.4172 -3.8810 -86.1489 0.0042 0.7730 -0.0082 0.6344
432.149544 408.4680 -3.8994 -86.3646 0.0037 0.7727 -0.0070 0.6347
432.253310 409.5224 -3.9112 -86.5725 0.0063 0.7727 -0.0067 0.6348
432.356947 410.5607 -3.9284 -86.7610 0.0089 0.7727 -0.0100 0.6346
432.460494 411.5884 -3.9506 -86.9724 0.0121 0.7726 -0.0095 0.6347
432.564234 412.6424 -3.9661 -87.1857 0.0112 0.7723 -0.0075 0.6351
432.667876 413.6926 -3.9885 -87.3818 0.0097 0.7725 -0.0067 0.6349
432.771522 414.7132 -4.0079 -87.5858 0.0099 0.7729 -0.0091 0.6344
432.875097 415.7460 -4.0346 -87.7566 0.0091 0.7740 -0.0136 0.6330
432.978821 416.7691 -4.0557 -87.9578 0.0070 0.7749 -0.0158 0.6318
433.082455 417.8172 -4.0783 -88.1689 0.0046 0.7760 -0.0152 0.6306
433.186214 418.9014 -4.1005 -88.3897 0.0042 0.7774 -0.0141 0.6288
433.289815 419.9528 -4.1211 -88.6112 0.0054 0.7790 -0.0138 0.6269
433.393442 421.0189 -4.1407 -88.8514 0.0072 0.7803 -0.0132 0.6253
433.497111 422.0575 -4.1617 -89.0749 0.0098 0.7818 -0.0131 0.6233
433.600648 423.1334 -4.1869 -89.3376 0.0126 0.7828 -0.0122 0.6220
433.704277 424.1979 -4.2017 -89.5883 0.0157 0.7840 -0.0114 0.6205
433.807894 425.2609 -4.2220 -89.8453 0.0166 0.7850 -0.0075 0.6192
433.911668 426.3307 -4.2451 -90.1028 0.0171 0.7857 -0.0034 0.6184
434.015111 427.3591 -4.2655 -90.3594 0.0170 0.7860 -0.0025 0.6180
434.118861 428.4146 -4.2864 -90.6032 0.0186 0.7867 -0.0023 0.6171
434.222475 429.4559 -4.3090 -90.8434 0.0176 0.7871 -0.0030 0.6166
434.326170 430.5003 -4.3285 -91.1060 0.0150 0.7879 -0.0033 0.6156
434.429707 431.5553 -4.3518 -91.3527 0.0118 0.7892 -0.0057 0.6140
434.533428 432.6180 -4.3726 -91.6234 0.0103 0.7904 -0.0083 0.6125
434.637062 433.6837 -4.3942 -91.9109 0.0087 0.7916 -0.0104 0.6109
434.740658 434.7554 -4.4156 -92.1968 0.0073 0.7928 -0.0110 0.6094
434.844401 435.8704 -4.4332 -92.5039 0.0063 0.7942 -0.0109 0.6075
434.948018 436.9743 -4.4497 -92.8077 0.0061 0.7954 -0.0104 0.6060
435.051631 438.0297 -4.4759 -93.0992 0.0062 0.7965 -0.0089 0.6046
435.155249 439.1141 -4.4939 -93.4109 0.0064 0.7972 -0.0080 0.6037
435.258862 440.2195 -4.5163 -93.7396 0.0071 0.7975 -0.0074 0.6033
435.362499 441.2976 -4.5346 -94.0577 0.0075 0.7976 -0.0077 0.6031
435.466220 442.3897 -4.5528 -94.3628 0.0074 0.7981 -0.0070 0.6024
435.569834 443.4848 -4.5720 -94.6710 0.0068 0.7985 -0.0062 0.6019
435.673449 444.6073 -4.5895 -95.0064 0.0068 0.7989 -0.0063 0.6014
435.777071 445.6964 -4.6097 -95.3238 0.0080 0.7992 -0.0067 0.6010
435.880750 446.7917 -4.6279 -95.6343 0.0083 0.7996 -0.0065 0.6004
435.984384 447.8700 -4.6497 -95.9458 0.0086 0.8000 -0.0063 0.5999
436.088035 448.9352 -4.6740 -96.2531 0.0100 0.8006 -0.0065 0.5990
436.191779 450.0102 -4.6923 -96.5708 0.0114 0.8015 -0.0071 0.5979
436.295412 451.0828 -4.7063 -96.8847 0.0115 0.8024 -0.0071 0.5966
436.399135 452.1301 -4.7293 -97.2045 0.0106 0.8036 -0.0056 0.5950
436.502748 453.1939 -4.7461 -97.5280 0.0098 0.8049 -0.0046 0.5933
436.606484 454.2540 -4.7608 -97.8722 0.0084 0.8063 -0.0049 0.5915
436.710105 455.2920 -4.7808 -98.1959 0.0070 0.8082 -0.0053 0.5889
436.813744 456.3102 -4.8028 -98.5264 0.0066 0.8103 -0.0064 0.5860
436.917459 457.3284 -4.8222 -98.8665 0.0071 0.8122 -0.0073 0.5833
437.021095 458.3183 -4.8396 -99.2048 0.0078 0.8141 -0.0075 0.5806
437.124817 459.2786 -4.8544 -99.5451 0.0085 0.8156 -0.0070 0.5785
437.228451 460.2214 -4.8691 -99.9041 0.0100 0.8163 -0.0066 0.5775
437.332048 461.1602 -4.8905 -100.2230 0.0112 0.8171 -0.0063 0.5764
437.435664 462.1055 -4.9134 -100.5681 0.0110 0.8177 -0.0052 0.5754
437.539296 463.0288 -4.9277 -100.9157 0.0106 0.8182 -0.0022 0.5748
437.642895 463.9264 -4.9475 -101.2446 0.0113 0.8186 -0.0004 0.5742
437.746530 464.8068 -4.9676 -101.5701 0.0140 0.8191 -0.0034 0.5734
437.850146 465.6725 -4.9791 -101.8898 0.0175 0.8198 -0.0074 0.5724
437.953866 466.5067 -4.9961 -102.1737 0.0148 0.8209 -0.0082 0.5708
438.057478 467.3445 -5.0148 -102.4828 0.0102 0.8224 -0.0045 0.5688
438.161218 468.1508 -5.0357 -102.7886 0.0060 0.8240 -0.0022 0.5665
438.264961 468.9454 -5.0427 -103.0902 0.0062 0.8265 -0.0044 0.5629
438.368578 469.7073 -5.0543 -103.3961 0.0061 0.8290 -0.0058 0.5592
438.472336 470.4297 -5.0683 -103.7000 0.0069 0.8318 -0.0049 0.5549
438.576058 471.1306 -5.0848 -103.9992 0.0082 0.8353 -0.0050 0.5496
438.679910 471.7805 -5.0998 -104.3051 0.0113 0.8393 -0.0083 0.5434
438.783661 472.3928 -5.1164 -104.6056 0.0148 0.8437 -0.0106 0.5364
438.887279 473.0096 -5.1304 -104.9150 0.0178 0.8481 -0.0101 0.5294
438.991021 473.6045 -5.1455 -105.2558 0.0190 0.8520 -0.0055 0.5232
439.094761 474.1596 -5.1606 -105.5618 0.0204 0.8558 -0.0012 0.5168
439.198395 474.6956 -5.1799 -105.8687 0.0226 0.8591 0.0019 0.5113
439.301991 475.2178 -5.1915 -106.1912 0.0256 0.8614 0.0038 0.5073
439.405604 475.7209 -5.2067 -106.4851 0.0278 0.8630 0.0045 0.5044
439.509221 476.2013 -5.2164 -106.7609 0.0297 0.8639 0.0046 0.5027
439.612718 476.6739 -5.2257 -107.0443 0.0319 0.8642 0.0051 0.5022
439.716333 477.1317 -5.2352 -107.3075 0.0327 0.8640 0.0065 0.5024
439.819824 477.5818 -5.2440 -107.5571 0.0333 0.8632 0.0073 0.5036
439.923439 478.0222 -5.2581 -107.8108 0.0330 0.8617 0.0083 0.5064
440.027056 478.4449 -5.2703 -108.0302 0.0318 0.8599 0.0082 0.5094
440.130546 478.8478 -5.2801 -108.2475 0.0318 0.8576 0.0084 0.5133
440.234160 479.2386 -5.2860 -108.4372 0.0315 0.8551 0.0070 0.5175
440.337796 479.6223 -5.2975 -108.6361 0.0328 0.8518 0.0072 0.5228
440.441263 480.0009 -5.3056 -108.8201 0.0342 0.8476 0.0072 0.5295
440.544878 480.3814 -5.3139 -108.9921 0.0349 0.8423 0.0064 0.5379
440.648375 480.7450 -5.3260 -109.1163 0.0338 0.8365 0.0058 0.5469
440.751865 481.1563 -5.3338 -109.2907 0.0323 0.8302 0.0048 0.5564
440.855478 481.5383 -5.3423 -109.4197 0.0309 0.8243 0.0044 0.5653
440.959097 481.9216 -5.3538 -109.5400 0.0294 0.8183 0.0038 0.5740
441.062709 482.3029 -5.3612 -109.6549 0.0283 0.8124 0.0031 0.5824
441.166450 482.6873 -5.3696 -109.7608 0.0273 0.8067 0.0021 0.5903
441.270064 483.0813 -5.3762 -109.8537 0.0261 0.8016 0.0007 0.5972
441.373807 483.4666 -5.3842 -109.9432 0.0247 0.7970 -0.0008 0.6034
441.477427 483.8619 -5.3925 -110.0330 0.0235 0.7937 -0.0030 0.6079
441.581288 484.3061 -5.3933 -110.1684 0.0218 0.7911 -0.0056 0.6113
441.685035 484.6932 -5.4044 -110.2485 0.0201 0.7899 -0.0067 0.6128
441.788769 485.1041 -5.4157 -110.3486 0.0187 0.7894 -0.0071 0.6136
441.892509 485.5133 -5.4242 -110.4473 0.0174 0.7897 -0.0077 0.6131
441.996372 485.9390 -5.4319 -110.5538 0.0160 0.7908 -0.0084 0.6118
442.100126 486.3775 -5.4487 -110.6706 0.0151 0.7918 -0.0088 0.6105
442.203730 486.7748 -5.4667 -110.7709 0.0136 0.7933 -0.0093 0.6086
442.307515 487.1921 -5.4783 -110.8781 0.0124 0.7957 -0.0108 0.6054
442.411225 487.6008 -5.4898 -110.9901 0.0111 0.7989 -0.0119 0.6012
442.514823 488.0134 -5.4986 -111.1031 0.0105 0.8024 -0.0123 0.5966
442.618572 488.4204 -5.5161 -111.2491 0.0097 0.8055 -0.0116 0.5925
442.722202 488.8122 -5.5201 -111.3740 0.0092 0.8087 -0.0114 0.5880
442.825994 489.2124 -5.5290 -111.4896 0.0074 0.8121 -0.0114 0.5834
442.929548 489.6148 -5.5367 -111.6283 0.0052 0.8157 -0.0105 0.5784
443.033281 490.0124 -5.5470 -111.7845 0.0042 0.8189 -0.0102 0.5738
443.136912 490.3912 -5.5530 -111.9359 0.0060 0.8221 -0.0103 0.5692
443.240536 490.7786 -5.5642 -112.0891 0.0079 0.8252 -0.0097 0.5647
443.344273 491.1291 -5.5703 -112.2405 0.0084 0.8280 -0.0103 0.5605
443.447865 491.4738 -5.5787 -112.3926 0.0079 0.8305 -0.0116 0.5568
443.551382 491.8043 -5.5860 -112.5212 0.0077 0.8328 -0.0131 0.5533
443.654995 492.1136 -5.5826 -112.6547 0.0093 0.8346 -0.0151 0.5506
443.758584 492.4168 -5.5868 -112.7802 0.0125 0.8360 -0.0154 0.5484
443.862082 492.7055 -5.5924 -112.9342 0.0157 0.8363 -0.0138 0.5478
443.965692 493.0074 -5.6065 -113.0570 0.0169 0.8363 -0.0121 0.5479
444.069182 493.2970 -5.6166 -113.1975 0.0172 0.8347 -0.0116 0.5504
444.172548 493.5925 -5.6271 -113.3215 0.0169 0.8318 -0.0118 0.5547
444.276036 493.8887 -5.6268 -113.4341 0.0161 0.8274 -0.0130 0.5612
444.379470 494.1742 -5.6339 -113.5502 0.0157 0.8216 -0.0138 0.5697
444.482771 494.4698 -5.6489 -113.6580 0.0150 0.8145 -0.0142 0.5798
444.586257 494.7672 -5.6402 -113.7597 0.0171 0.8061 -0.0164 0.5913
444.689624 495.0767 -5.6476 -113.8482 0.0179 0.7968 -0.0180 0.6038
444.793097 495.3991 -5.6526 -113.9210 0.0178 0.7865 -0.0193 0.6170
444.896354 495.7331 -5.6608 -113.9551 0.0159 0.7755 -0.0199 0.6308
444.999846 496.0913 -5.6616 -113.9876 0.0139 0.7627 -0.0207 0.6462
445.103116 496.4667 -5.6696 -114.0194 0.0133 0.7485 -0.0198 0.6627
445.206581 496.8416 -5.6725 -114.0243 0.0139 0.7333 -0.0206 0.6794
445.309945 497.2346 -5.6906 -114.0097 0.0135 0.7168 -0.0196 0.6969
445.413310 497.6408 -5.6936 -113.9770 0.0125 0.6988 -0.0205 0.7149
445.516679 498.0560 -5.7004 -113.9200 0.0114 0.6801 -0.0218 0.7327
445.620168 498.4837 -5.7135 -113.8383 0.0123 0.6602 -0.0222 0.7506
445.723544 498.9470 -5.7267 -113.7450 0.0137 0.6383 -0.0227 0.7693
445.827022 499.3998 -5.7400 -113.6102 0.0155 0.6159 -0.0222 0.7874
445.930575 499.8548 -5.7520 -113.4436 0.0154 0.5918 -0.0215 0.8056
446.034003 500.3142 -5.7647 -113.2382 0.0152 0.5671 -0.0199 0.8233
446.137490 500.7634 -5.7768 -112.9993 0.0136 0.5414 -0.0196 0.8405
446.240984 501.2298 -5.7768 -112.7184 0.0124 0.5144 -0.0209 0.8572
446.344640 501.6813 -5.7829 -112.3995 0.0118 0.4868 -0.0205 0.8732
446.448091 502.0954 -5.7893 -112.0587 0.0110 0.4590 -0.0200 0.8881
446.551725 502.5249 -5.7951 -111.6781 0.0104 0.4308 -0.0192 0.9022
446.655446 502.9526 -5.7994 -111.2486 0.0093 0.4030 -0.0200 0.9149
446.759063 503.3973 -5.8238 -110.7835 0.0070 0.3765 -0.0173 0.9262
446.862801 503.7834 -5.8271 -110.3071 0.0052 0.3524 -0.0181 0.9356
446.966661 504.1757 -5.8332 -109.7934 0.0035 0.3306 -0.0183 0.9436
447.070575 504.5648 -5.8388 -109.2351 0.0021 0.3106 -0.0178 0.9504
447.174273 504.9480 -5.8457 -108.6424 0.0006 0.2912 -0.0164 0.9565
447.278161 505.3157 -5.8492 -108.0451 -0.0001 0.2733 -0.0161 0.9618
447.381880 505.6673 -5.8500 -107.4112 0.0007 0.2573 -0.0156 0.9662
447.485745 506.0139 -5.8593 -106.7550 0.0032 0.2424 -0.0136 0.9701
447.589486 506.3457 -5.8644 -106.0314 0.0059 0.2291 -0.0120 0.9733
447.693235 506.6790 -5.8655 -105.3086 0.0072 0.2158 -0.0109 0.9763
447.797084 507.0090 -5.8802 -104.5494 0.0059 0.2029 -0.0076 0.9792
447.900833 507.3153 -5.8814 -103.7489 0.0042 0.1911 -0.0054 0.9816
448.004571 507.6177 -5.8737 -102.9183 0.0026 0.1800 -0.0043 0.9836
448.108336 507.8914 -5.8691 -102.0834 0.0031 0.1715 -0.0047 0.9852
448.212177 508.1773 -5.8734 -101.2081 0.0035 0.1651 -0.0079 0.9862
448.316043 508.4606 -5.8739 -100.3245 0.0050 0.1616 -0.0121 0.9868
448.419912 508.7570 -5.8844 -99.4144 0.0050 0.1598 -0.0139 0.9870
448.523773 509.0833 -5.8836 -98.4449 0.0048 0.1589 -0.0131 0.9872
448.627641 509.4046 -5.8878 -97.4950 0.0045 0.1580 -0.0127 0.9873
448.731409 509.7226 -5.8940 -96.5103 0.0043 0.1574 -0.0122 0.9875
448.835120 510.0480 -5.8959 -95.5117 0.0044 0.1565 -0.0116 0.9876
448.938747 510.3750 -5.9004 -94.5026 0.0040 0.1558 -0.0106 0.9877
449.042479 510.6958 -5.9119 -93.4866 0.0034 0.1549 -0.0098 0.9879
449.146096 511.0101 -5.9219 -92.4824 0.0030 0.1539 -0.0101 0.9880
449.249712 511.3426 -5.9277 -91.4358 0.0018 0.1529 -0.0101 0.9882
449.353343 511.6634 -5.9357 -90.3671 0.0012 0.1521 -0.0108 0.9883
449.456813 511.9896 -5.9400 -89.3046 0.0022 0.1510 -0.0114 0.9885
449.560452 512.3293 -5.9513 -88.2045 0.0033 0.1497 -0.0110 0.9887
449.664067 512.6527 -5.9599 -87.1215 0.0036 0.1482 -0.0108 0.9889
449.767662 512.9721 -5.9675 -85.9921 0.0032 0.1472 -0.0102 0.9890
449.871152 513.3117 -5.9716 -84.8743 0.0020 0.1456 -0.0088 0.9893
449.974770 513.6420 -5.9761 -83.7306 -0.0001 0.1443 -0.0078 0.9895
450.078446 513.9717 -5.9735 -82.5326 -0.0031 0.1427 -0.0064 0.9897
450.181999 514.3054 -5.9793 -81.4204 -0.0044 0.1408 -0.0044 0.9900
450.285610 514.6726 -6.0001 -80.2319 -0.0021 0.1384 -0.0036 0.9904
450.389252 514.9950 -6.0022 -79.0850 0.0047 0.1372 -0.0056 0.9905
450.492866 515.3035 -6.0129 -77.9697 0.0104 0.1362 -0.0084 0.9906
450.596460 515.6192 -6.0347 -76.8361 0.0097 0.1346 -0.0103 0.9908
450.700198 515.9263 -6.0520 -75.6689 0.0043 0.1331 -0.0107 0.9910
450.803816 516.2250 -6.0661 -74.5074 -0.0009 0.1313 -0.0112 0.9913
450.907457 516.5093 -6.0780 -73.3747 -0.0025 0.1289 -0.0119 0.9916
451.011049 516.7881 -6.0814 -72.2196 -0.0019 0.1264 -0.0122 0.9919
451.114663 517.0664 -6.0809 -71.0730 -0.0010 0.1237 -0.0124 0.9922
451.218279 517.3359 -6.0925 -69.9415 -0.0016 0.1211 -0.0122 0.9926
451.321892 517.6017 -6.0944 -68.7873 -0.0017 0.1184 -0.0113 0.9929
451.425507 517.8846 -6.1142 -67.6663 -0.0026 0.1152 -0.0118 0.9933
451.529000 518.1419 -6.1165 -66.4926 -0.0028 0.1123 -0.0109 0.9936
451.632635 518.3957 -6.1193 -65.3703 -0.0031 0.1093 -0.0105 0.9939
451.736233 518.6335 -6.1263 -64.2508 -0.0029 0.1066 -0.0107 0.9942
451.839869 518.8723 -6.1292 -63.1266 -0.0024 0.1039 -0.0091 0.9945
451.943513 519.0865 -6.1351 -62.0145 -0.0024 0.1016 -0.0098 0.9948
452.047100 519.2755 -6.1433 -60.9244 -0.0024 0.0998 -0.0093 0.9950
452.150689 519.5169 -6.1611 -59.8165 -0.0019 0.0969 -0.0085 0.9953
452.254309 519.7500 -6.1671 -58.6938 -0.0005 0.0942 -0.0069 0.9955
452.357926 519.9456 -6.1752 -57.5909 -0.0006 0.0921 -0.0061 0.9957
452.461535 520.1618 -6.1759 -56.4510 -0.0008 0.0890 -0.0049 0.9960
452.565154 520.3581 -6.1874 -55.3370 -0.0001 0.0863 -0.0041 0.9963
452.668799 520.5445 -6.1978 -54.2371 -0.0000 0.0838 -0.0024 0.9965
452.772385 520.7347 -6.1963 -53.1181 -0.0007 0.0815 -0.0007 0.9967
452.876125 520.9084 -6.2024 -51.9995 -0.0014 0.0796 0.0005 0.9968
452.979734 521.0826 -6.2104 -50.8906 -0.0010 0.0777 0.0006 0.9970
453.083353 521.2568 -6.2143 -49.7709 0.0002 0.0759 0.0006 0.9971
453.186968 521.4148 -6.2153 -48.6422 0.0010 0.0741 0.0008 0.9973
453.290585 521.5697 -6.2227 -47.5215 0.0012 0.0725 0.0008 0.9974
453.394201 521.7066 -6.2258 -46.4000 0.0012 0.0712 0.0019 0.9975
453.497837 521.8770 -6.2396 -45.2599 0.0014 0.0691 0.0020 0.9976
453.601434 522.0048 -6.2481 -44.1394 0.0023 0.0678 0.0023 0.9977
453.705043 522.1384 -6.2586 -43.0014 0.0024 0.0662 0.0026 0.9978
453.808678 522.3329 -6.2665 -41.8656 0.0023 0.0634 0.0024 0.9980
453.912277 522.4520 -6.2737 -40.6935 0.0020 0.0619 0.0011 0.9981
454.015902 522.5974 -6.2846 -39.5518 0.0017 0.0599 0.0010 0.9982
454.119571 522.7295 -6.2992 -38.4144 0.0014 0.0582 0.0020 0.9983
454.223125 522.8330 -6.2980 -37.2442 0.0018 0.0567 0.0015 0.9984
454.326741 522.9661 -6.3019 -36.1046 0.0019 0.0547 0.0030 0.9985
454.430351 523.0725 -6.3090 -34.9132 0.0016 0.0529 0.0027 0.9986
454.533979 523.1775 -6.3163 -33.6645 0.0011 0.0510 0.0021 0.9987
454.637589 523.2957 -6.3232 -32.5313 0.0006 0.0491 0.0022 0.9988
454.741077 523.3912 -6.3276 -31.3127 0.0004 0.0477 0.0018 0.9989
454.844696 523.4796 -6.3351 -30.0926 0.0007 0.0462 0.0007 0.9989
454.948320 523.5780 -6.3378 -28.9268 0.0016 0.0444 -0.0003 0.9990
455.051921 523.6705 -6.3434 -27.7382 0.0022 0.0425 -0.0015 0.9991
455.155535 523.7571 -6.3482 -26.5754 0.0025 0.0406 -0.0031 0.9992
455.259159 523.8553 -6.3523 -25.4455 0.0017 0.0383 -0.0027 0.9993
455.362766 523.9418 -6.3662 -24.2915 0.0011 0.0365 -0.0050 0.9993
455.466391 524.0260 -6.3779 -23.1412 0.0007 0.0341 -0.0055 0.9994
455.570002 524.0932 -6.3853 -21.9677 0.0013 0.0314 -0.0050 0.9995
455.673504 524.1617 -6.3896 -20.7700 0.0019 0.0288 -0.0038 0.9996
455.777106 524.2292 -6.3970 -19.5710 0.0017 0.0260 -0.0042 0.9997
455.880721 524.2756 -6.4023 -18.4144 0.0004 0.0234 -0.0049 0.9997
455.984212 524.3226 -6.4076 -17.2123 -0.0010 0.0208 -0.0048 0.9998
456.087827 524.3634 -6.4161 -16.0318 -0.0012 0.0181 -0.0059 0.9998
456.191444 524.3800 -6.4188 -14.8053 -0.0005 0.0150 -0.0071 0.9999
456.295080 524.4237 -6.4222 -13.6054 0.0010 0.0119 -0.0081 0.9999
456.398716 524.4426 -6.4249 -12.4139 0.0019 0.0091 -0.0078 0.9999
456.502287 524.4672 -6.4300 -11.2051 0.0024 0.0061 -0.0066 1.0000
456.605781 524.4942 -6.4429 -10.0219 0.0021 0.0031 -0.0076 1.0000
456.709398 524.5072 -6.4509 -8.8127 0.0008 0.0002 -0.0076 1.0000
456.813132 524.4900 -6.4593 -7.5639 -0.0007 -0.0022 -0.0090 1.0000
456.916752 524.4881 -6.4545 -6.3605 -0.0017 -0.0048 -0.0094 0.9999
457.020392 524.4963 -6.4751 -5.1969 -0.0016 -0.0078 -0.0101 0.9999
457.123985 524.4970 -6.4884 -4.1009 -0.0009 -0.0104 -0.0095 0.9999
457.227598 524.4713 -6.4894 -2.8552 -0.0002 -0.0137 -0.0069 0.9999
457.331215 524.4213 -6.4896 -1.5973 -0.0004 -0.0169 -0.0046 0.9998
457.434828 524.3526 -6.4974 -0.3595 -0.0009 -0.0196 -0.0034 0.9998
457.539185 524.3307 -6.4993 0.8848 -0.0017 -0.0232 -0.0022 0.9997
457.642104 524.2723 -6.5012 2.1246 -0.0030 -0.0257 -0.0025 0.9997
457.745681 524.2161 -6.5108 3.3161 -0.0033 -0.0282 -0.0035 0.9996
457.849295 524.1321 -6.5070 4.5716 -0.0019 -0.0303 -0.0031 0.9995
457.952931 524.0833 -6.5190 5.7695 0.0002 -0.0326 -0.0021 0.9995
458.056542 523.9842 -6.5247 7.0185 0.0026 -0.0345 -0.0032 0.9994
458.160161 523.9002 -6.5375 8.2310 0.0028 -0.0364 -0.0019 0.9993
458.263765 523.8026 -6.5394 9.4825 0.0009 -0.0385 -0.0021 0.9993
458.367370 523.7079 -6.5518 10.7099 -0.0008 -0.0403 -0.0026 0.9992
458.471107 523.6095 -6.5521 11.9581 -0.0006 -0.0425 -0.0031 0.9991
458.574726 523.5256 -6.5552 13.1124 0.0001 -0.0444 -0.0031 0.9990
458.678362 523.4063 -6.5690 14.2917 0.0001 -0.0460 -0.0038 0.9989
458.781956 523.2959 -6.5797 15.4840 0.0008 -0.0483 -0.0037 0.9988
458.885568 523.1786 -6.5928 16.6838 0.0020 -0.0511 -0.0033 0.9987
458.989189 523.0563 -6.6025 17.8748 0.0029 -0.0539 -0.0021 0.9985
459.092807 522.9160 -6.6135 19.1000 0.0028 -0.0566 -0.0016 0.9984
459.196417 522.7594 -6.6278 20.3336 0.0010 -0.0589 -0.0021 0.9983
459.300258 522.5981 -6.6346 21.5519 -0.0013 -0.0614 -0.0018 0.9981
459.403714 522.4606 -6.6411 22.7251 -0.0030 -0.0639 -0.0000 0.9980
459.507272 522.2947 -6.6408 23.9423 -0.0029 -0.0661 0.0006 0.9978
459.610902 522.1312 -6.6451 25.1705 -0.0021 -0.0682 0.0013 0.9977
459.714496 521.9756 -6.6642 26.3844 -0.0006 -0.0705 0.0017 0.9975
459.818154 521.7972 -6.6707 27.5990 0.0014 -0.0723 0.0001 0.9974
459.921828 521.6216 -6.6827 28.7875 0.0014 -0.0738 -0.0008 0.9973
460.025336 521.3630 -6.6804 30.0045 0.0010 -0.0742 -0.0027 0.9972
460.128957 521.1902 -6.6987 31.1921 -0.0001 -0.0756 -0.0039 0.9971
460.232575 521.0036 -6.7074 32.4234 -0.0001 -0.0769 -0.0033 0.9970
460.336189 520.7941 -6.7115 33.6170 0.0006 -0.0781 -0.0031 0.9969
460.439930 520.6112 -6.7149 34.8201 0.0019 -0.0799 -0.0034 0.9968
460.543546 520.4091 -6.7181 35.9901 0.0021 -0.0806 -0.0037 0.9967
460.647161 520.1636 -6.7218 37.2116 0.0011 -0.0812 -0.0045 0.9967
460.750778 519.9369 -6.7230 38.4066 0.0000 -0.0820 -0.0053 0.9966
460.854389 519.7324 -6.7234 39.5778 0.0013 -0.0836 -0.0055 0.9965
460.958008 519.5415 -6.7274 40.7302 0.0030 -0.0856 -0.0056 0.9963
461.061619 519.3429 -6.7362 41.9075 0.0039 -0.0879 -0.0063 0.9961
461.165234 519.1329 -6.7512 43.0943 0.0035 -0.0903 -0.0051 0.9959
461.268727 518.9025 -6.7597 44.2833 0.0032 -0.0921 -0.0061 0.9957
461.372342 518.6745 -6.7658 45.4484 0.0023 -0.0939 -0.0066 0.9956
461.475955 518.4537 -6.7746 46.6162 0.0019 -0.0958 -0.0080 0.9954
461.579450 518.1854 -6.7827 47.8061 0.0023 -0.0976 -0.0097 0.9952
461.683082 517.9453 -6.7815 49.0425 0.0036 -0.1002 -0.0121 0.9949
461.786681 517.6872 -6.7856 50.1707 0.0050 -0.1018 -0.0147 0.9947
461.890418 517.4423 -6.7986 51.3236 0.0062 -0.1040 -0.0170 0.9944
461.994034 517.1741 -6.8066 52.5127 0.0065 -0.1062 -0.0170 0.9942
462.097664 516.9074 -6.8181 53.6866 0.0051 -0.1085 -0.0166 0.9939
462.201266 516.6396 -6.8278 54.8765 0.0034 -0.1113 -0.0174 0.9936
462.304953 516.3655 -6.8367 56.0792 0.0023 -0.1142 -0.0177 0.9933
462.408529 516.0969 -6.8517 57.2390 0.0022 -0.1172 -0.0184 0.9929
462.512131 515.7756 -6.8344 58.4408 0.0035 -0.1197 -0.0177 0.9926
462.615939 515.4750 -6.8443 59.6422 0.0038 -0.1224 -0.0181 0.9923
462.719468 515.2144 -6.8537 60.7850 0.0039 -0.1254 -0.0182 0.9919
462.823083 514.9189 -6.8625 61.9320 0.0042 -0.1279 -0.0179 0.9916
462.926695 514.6048 -6.8665 63.0438 0.0051 -0.1299 -0.0189 0.9913
463.030445 514.3047 -6.8749 64.1719 0.0047 -0.1321 -0.0185 0.9911
463.134050 513.9457 -6.8782 65.3402 0.0042 -0.1334 -0.0196 0.9909
463.237673 513.6338 -6.8878 66.4807 0.0029 -0.1355 -0.0195 0.9906
463.341298 513.2697 -6.8919 67.6746 0.0019 -0.1374 -0.0172 0.9904
463.444926 512.9498 -6.9021 68.8092 0.0019 -0.1396 -0.0164 0.9901
463.548517 512.6149 -6.9038 69.9426 0.0013 -0.1415 -0.0139 0.9898
463.652133 512.2510 -6.9122 71.1091 0.0007 -0.1431 -0.0136 0.9896
463.755750 511.9131 -6.9203 72.2655 -0.0003 -0.1451 -0.0128 0.9893
463.859243 511.5324 -6.9260 73.4105 0.0011 -0.1466 -0.0127 0.9891
463.962880 511.1760 -6.9309 74.5227 0.0030 -0.1483 -0.0126 0.9889
464.066470 510.8129 -6.9357 75.6342 0.0036 -0.1501 -0.0133 0.9886
464.170089 510.4473 -6.9421 76.7821 0.0020 -0.1522 -0.0136 0.9883
464.273703 510.0679 -6.9482 77.9528 0.0026 -0.1543 -0.0152 0.9879
464.377321 509.7082 -6.9550 79.0810 0.0032 -0.1563 -0.0148 0.9876
464.480984 509.3283 -6.9565 80.2315 0.0043 -0.1585 -0.0162 0.9872
464.584444 508.9292 -6.9645 81.3951 0.0052 -0.1605 -0.0156 0.9869
464.688043 508.5679 -6.9717 82.5181 0.0067 -0.1628 -0.0141 0.9865
464.791652 508.1643 -6.9834 83.5760 0.0073 -0.1641 -0.0140 0.9863
464.895290 507.7673 -6.9984 84.7399 0.0064 -0.1667 -0.0123 0.9859
464.998895 507.3856 -7.0126 85.8875 0.0057 -0.1698 -0.0107 0.9854
465.102533 507.0047 -7.0265 86.9922 0.0064 -0.1723 -0.0111 0.9850
465.206118 506.5791 -7.0326 88.1295 0.0083 -0.1743 -0.0122 0.9846
465.309731 506.1288 -7.0629 89.2170 0.0087 -0.1756 -0.0143 0.9843
465.413467 505.7320 -7.0599 90.3791 0.0068 -0.1783 -0.0137 0.9839
465.517106 505.2782 -7.0818 91.5029 0.0054 -0.1801 -0.0141 0.9835
465.620696 504.7600 -7.0831 92.6721 0.0058 -0.1819 -0.0149 0.9832
465.724440 504.2360 -7.0894 93.8553 0.0068 -0.1839 -0.0162 0.9828
465.828079 503.7972 -7.0974 94.9359 0.0079 -0.1860 -0.0193 0.9823
465.931801 503.3058 -7.0998 96.1026 0.0074 -0.1880 -0.0205 0.9819
466.035416 502.8048 -7.1124 97.2804 0.0066 -0.1898 -0.0208 0.9816
466.139030 502.3057 -7.1136 98.4079 0.0069 -0.1916 -0.0219 0.9812
466.242782 501.8057 -7.1323 99.5239 0.0061 -0.1927 -0.0216 0.9810
466.346405 501.3243 -7.1404 100.6654 0.0054 -0.1944 -0.0231 0.9806
466.449998 500.8457 -7.1488 101.7999 0.0050 -0.1963 -0.0243 0.9802
466.553617 500.3486 -7.1578 102.9623 0.0054 -0.1981 -0.0248 0.9798
466.657255 499.8624 -7.1563 104.0546 0.0059 -0.1997 -0.0265 0.9795
466.760847 499.3713 -7.1674 105.1686 0.0053 -0.2013 -0.0261 0.9792
466.864465 498.8844 -7.1787 106.2825 0.0073 -0.2032 -0.0247 0.9788
466.968080 498.4001 -7.1853 107.3840 0.0100 -0.2053 -0.0248 0.9783
467.071699 497.9116 -7.2003 108.4639 0.0101 -0.2068 -0.0252 0.9780
467.175303 497.3812 -7.2126 109.5740 0.0084 -0.2080 -0.0264 0.9777
467.278947 496.8960 -7.2255 110.6722 0.0066 -0.2100 -0.0261 0.9773
467.382540 496.4015 -7.2350 111.7707 0.0056 -0.2125 -0.0237 0.9769
467.486034 495.9022 -7.2402 112.8838 0.0055 -0.2154 -0.0215 0.9763
467.589669 495.3810 -7.2556 113.9744 0.0056 -0.2181 -0.0221 0.9757
467.693260 494.8599 -7.2591 115.0590 0.0044 -0.2206 -0.0230 0.9751
467.796771 494.3422 -7.2614 116.1498 0.0027 -0.2229 -0.0230 0.9746
467.900372 493.8133 -7.2596 117.2370 0.0023 -0.2253 -0.0231 0.9740
468.004001 493.3012 -7.2643 118.3072 0.0021 -0.2282 -0.0203 0.9734
468.107598 492.7652 -7.2632 119.3940 0.0027 -0.2310 -0.0197 0.9727
468.211267 492.2218 -7.2676 120.4575 0.0018 -0.2336 -0.0201 0.9721
468.314827 491.6560 -7.2687 121.5125 0.0009 -0.2359 -0.0212 0.9715
468.418441 491.0838 -7.2687 122.6095 0.0008 -0.2384 -0.0224 0.9709
468.522061 490.5474 -7.2696 123.6584 0.0017 -0.2409 -0.0211 0.9703
468.625674 489.9812 -7.2777 124.7235 0.0029 -0.2433 -0.0195 0.9697
468.729429 489.4126 -7.2866 125.7739 0.0036 -0.2453 -0.0182 0.9693
468.833032 488.8021 -7.2887 126.8416 0.0040 -0.2469 -0.0189 0.9688
468.936662 488.2055 -7.2939 127.9241 0.0036 -0.2488 -0.0188 0.9684
469.040261 487.5889 -7.2966 129.0029 0.0039 -0.2506 -0.0200 0.9679
469.143878 487.0132 -7.3049 130.0367 0.0029 -0.2522 -0.0201 0.9675
469.247616 486.4106 -7.3143 131.1074 0.0017 -0.2544 -0.0188 0.9669
469.351233 485.8040 -7.3193 132.1800 0.0019 -0.2566 -0.0168 0.9664
469.454848 485.1772 -7.3230 133.2311 0.0044 -0.2590 -0.0161 0.9657
469.558587 484.5073 -7.3269 134.3432 0.0053 -0.2610 -0.0166 0.9652
469.662216 483.8923 -7.3389 135.3776 0.0056 -0.2634 -0.0178 0.9645
469.765944 483.2525 -7.3454 136.4360 0.0065 -0.2654 -0.0202 0.9639
469.869561 482.6109 -7.3506 137.5062 0.0074 -0.2677 -0.0207 0.9632
469.973240 482.0403 -7.3582 138.4586 0.0071 -0.2698 -0.0214 0.9627
470.076793 481.3949 -7.3600 139.4570 0.0062 -0.2715 -0.0216 0.9622
470.180534 480.7072 -7.3612 140.5753 0.0053 -0.2738 -0.0225 0.9615
470.284146 480.0377 -7.3721 141.6288 0.0053 -0.2758 -0.0227 0.9609
470.387886 479.3533 -7.3751 142.6892 0.0054 -0.2776 -0.0229 0.9604
470.491512 478.7095 -7.3840 143.7215 0.0046 -0.2799 -0.0231 0.9598
470.595124 478.0028 -7.3834 144.8099 0.0039 -0.2822 -0.0238 0.9590
470.698757 477.2830 -7.3833 145.8938 0.0054 -0.2845 -0.0242 0.9583
470.802474 476.6005 -7.3915 146.9364 0.0063 -0.2868 -0.0234 0.9577
470.906113 475.9656 -7.4116 147.9336 0.0062 -0.2890 -0.0235 0.9570
471.009707 475.2299 -7.4191 149.0205 0.0037 -0.2913 -0.0223 0.9564
471.113318 474.5202 -7.4226 150.0856 0.0017 -0.2938 -0.0227 0.9556
471.216815 473.7747 -7.4214 151.1653 0.0009 -0.2956 -0.0239 0.9550
471.320425 473.0436 -7.4227 152.2065 0.0025 -0.2974 -0.0260 0.9544
471.424044 472.3015 -7.4208 153.2525 0.0043 -0.2988 -0.0279 0.9539
471.527684 471.5338 -7.4195 154.3278 0.0056 -0.3003 -0.0300 0.9534
471.631400 470.7599 -7.4328 155.3880 0.0056 -0.3014 -0.0311 0.9530
471.735015 470.0155 -7.4307 156.4407 0.0057 -0.3025 -0.0314 0.9526
471.838633 469.2475 -7.4340 157.5056 0.0049 -0.3035 -0.0306 0.9523
471.942242 468.4882 -7.4354 158.5545 0.0041 -0.3042 -0.0302 0.9521
472.045997 467.7215 -7.4376 159.6181 0.0041 -0.3050 -0.0315 0.9518
472.149604 466.9282 -7.4214 160.7052 0.0042 -0.3063 -0.0320 0.9514
472.253218 466.1416 -7.4140 161.7887 0.0046 -0.3072 -0.0321 0.9511
472.356979 465.3204 -7.4087 162.8806 0.0065 -0.3079 -0.0328 0.9508
472.460574 464.4808 -7.4039 163.9886 0.0068 -0.3086 -0.0341 0.9506
472.564321 463.7081 -7.4039 165.0620 0.0051 -0.3093 -0.0352 0.9503
472.667931 462.9409 -7.4033 166.0962 0.0037 -0.3090 -0.0369 0.9503
472.771683 462.1775 -7.3943 167.1545 0.0032 -0.3089 -0.0390 0.9503
472.875286 461.3791 -7.3900 168.2372 0.0036 -0.3086 -0.0400 0.9504
472.979026 460.5934 -7.3965 169.2995 0.0039 -0.3074 -0.0377 0.9508
473.082662 459.8432 -7.3957 170.3612 0.0043 -0.3068 -0.0337 0.9512
473.186258 459.0688 -7.3959 171.4566 0.0023 -0.3065 -0.0282 0.9515
473.289746 458.3015 -7.3975 172.5258 0.0005 -0.3060 -0.0245 0.9517
473.393364 457.5601 -7.3892 173.6049 -0.0001 -0.3053 -0.0216 0.9520
473.497002 456.8122 -7.3919 174.6602 0.0002 -0.3045 -0.0204 0.9523
473.600608 456.0414 -7.3900 175.7466 0.0003 -0.3040 -0.0219 0.9524
473.704206 455.2684 -7.3909 176.8092 -0.0001 -0.3030 -0.0236 0.9527
473.807864 454.4956 -7.3901 177.8925 0.0014 -0.3028 -0.0245 0.9527
473.911443 453.7765 -7.3967 178.9474 0.0025 -0.3025 -0.0254 0.9528
474.015056 453.0203 -7.3998 180.0195 0.0036 -0.3023 -0.0263 0.9528
474.118694 452.2999 -7.4145 181.0582 0.0036 -0.3023 -0.0249 0.9529
474.222412 451.5448 -7.4199 182.0991 0.0051 -0.3021 -0.0237 0.9530
474.326026 450.7949 -7.4250 183.1472 0.0057 -0.3020 -0.0221 0.9530
474.429765 450.0640 -7.4346 184.1826 0.0048 -0.3022 -0.0201 0.9530
474.533382 449.3093 -7.4364 185.2562 0.0028 -0.3025 -0.0181 0.9530
474.637042 448.5840 -7.4430 186.2944 0.0012 -0.3029 -0.0172 0.9529
474.740612 447.8337 -7.4468 187.3620 0.0010 -0.3036 -0.0159 0.9527
474.844351 446.9747 -7.4539 188.4588 0.0019 -0.3039 -0.0162 0.9526
474.947966 446.2034 -7.4477 189.5064 0.0018 -0.3044 -0.0163 0.9524
475.051590 445.4431 -7.4506 190.5394 0.0016 -0.3043 -0.0182 0.9524
475.155210 444.6822 -7.4558 191.5865 0.0005 -0.3046 -0.0202 0.9523
475.258820 443.9255 -7.4589 192.6192 0.0009 -0.3047 -0.0215 0.9522
475.362431 443.1789 -7.4629 193.6719 0.0017 -0.3049 -0.0219 0.9521
475.466049 442.4335 -7.4744 194.6977 0.0029 -0.3047 -0.0221 0.9522
475.569784 441.6851 -7.4688 195.7604 0.0031 -0.3050 -0.0208 0.9521
475.673275 440.9277 -7.4729 196.8368 0.0033 -0.3051 -0.0205 0.9521
475.776915 440.1602 -7.4752 197.8984 0.0024 -0.3052 -0.0204 0.9521
475.880531 439.4036 -7.4802 198.9441 0.0020 -0.3052 -0.0212 0.9520
475.984124 438.6447 -7.4826 200.0024 0.0024 -0.3051 -0.0211 0.9521
476.087738 437.8971 -7.4869 201.0640 0.0041 -0.3055 -0.0218 0.9519
476.191230 437.1120 -7.4997 202.1218 0.0061 -0.3052 -0.0227 0.9520
476.294847 436.3268 -7.5107 203.2027 0.0061 -0.3053 -0.0217 0.9520
476.398460 435.5526 -7.5198 204.2609 0.0058 -0.3053 -0.0226 0.9520
476.502075 434.7957 -7.5211 205.3031 0.0049 -0.3052 -0.0228 0.9520
476.605711 434.0455 -7.5298 206.3472 0.0041 -0.3053 -0.0242 0.9519
476.709311 433.2899 -7.5341 207.3942 0.0030 -0.3052 -0.0252 0.9519
476.812947 432.5287 -7.5347 208.4419 0.0020 -0.3051 -0.0272 0.9519
476.916539 431.7855 -7.5343 209.4823 0.0020 -0.3051 -0.0293 0.9519
477.020154 431.0255 -7.5418 210.5276 0.0035 -0.3052 -0.0312 0.9518
477.123786 430.2682 -7.5359 211.5614 0.0058 -0.3050 -0.0331 0.9518
477.227382 429.5546 -7.5430 212.5649 0.0066 -0.3052 -0.0337 0.9517
477.330995 428.8025 -7.5485 213.6035 0.0076 -0.3054 -0.0350 0.9515
477.434882 428.0591 -7.5502 214.6226 0.0079 -0.3053 -0.0354 0.9516
477.538234 427.3111 -7.5484 215.6645 0.0077 -0.3052 -0.0358 0.9516
477.641712 426.5564 -7.5573 216.7093 0.0063 -0.3051 -0.0372 0.9516
477.745330 425.8016 -7.5640 217.7735 0.0056 -0.3055 -0.0375 0.9514
477.848949 425.0618 -7.5777 218.7909 0.0063 -0.3055 -0.0375 0.9514
477.952585 424.3123 -7.5816 219.8215 0.0070 -0.3058 -0.0362 0.9514
478.056185 423.5964 -7.5815 220.8596 0.0074 -0.3062 -0.0349 0.9513
478.159798 422.8410 -7.5805 221.9329 0.0073 -0.3067 -0.0324 0.9512
478.263406 422.1365 -7.6006 222.9374 0.0083 -0.3071 -0.0331 0.9511
478.367028 421.3875 -7.6004 223.9649 0.0072 -0.3071 -0.0338 0.9511
478.470644 420.6181 -7.6012 225.0203 0.0049 -0.3072 -0.0355 0.9510
478.574380 419.8412 -7.5967 226.0912 0.0032 -0.3072 -0.0354 0.9510
478.678017 419.1124 -7.6002 227.1246 0.0029 -0.3078 -0.0346 0.9508
478.781614 418.3823 -7.6018 228.1571 0.0025 -0.3083 -0.0338 0.9507
478.885227 417.6393 -7.5978 229.2019 0.0030 -0.3088 -0.0324 0.9506
478.988914 416.8703 -7.5995 230.2594 0.0017 -0.3092 -0.0309 0.9505
479.092462 416.0947 -7.5869 231.3160 0.0004 -0.3092 -0.0306 0.9505
479.196078 415.3308 -7.5866 232.3682 -0.0016 -0.3094 -0.0292 0.9505
479.299816 414.6069 -7.5948 233.3511 -0.0018 -0.3100 -0.0277 0.9503
479.403433 413.8190 -7.5914 234.4543 0.0010 -0.3107 -0.0260 0.9502
479.507052 413.0541 -7.5938 235.4786 0.0043 -0.3112 -0.0255 0.9500
479.610673 412.4408 -7.6111 236.4168 0.0056 -0.3115 -0.0276 0.9498
479.714405 411.6655 -7.6153 237.4648 0.0040 -0.3115 -0.0289 0.9498
479.818021 410.8869 -7.6172 238.5321 0.0022 -0.3115 -0.0292 0.9498
479.921631 410.1281 -7.6187 239.5760 0.0027 -0.3115 -0.0281 0.9498
480.025268 409.3941 -7.6200 240.6096 0.0033 -0.3120 -0.0250 0.9498
480.128875 408.6479 -7.6214 241.6455 0.0037 -0.3124 -0.0233 0.9497
480.232605 407.8544 -7.6324 242.6809 0.0036 -0.3119 -0.0242 0.9498
480.336221 407.0603 -7.6333 243.7359 0.0039 -0.3116 -0.0254 0.9499
480.439835 406.3230 -7.6308 244.7631 0.0022 -0.3114 -0.0264 0.9499
480.543451 405.5495 -7.6354 245.8109 0.0004 -0.3114 -0.0281 0.9499
480.647070 404.7673 -7.6343 246.8642 0.0006 -0.3114 -0.0283 0.9499
480.750700 403.9853 -7.6334 247.9096 0.0028 -0.3114 -0.0286 0.9498
480.854422 403.2022 -7.6309 248.9425 0.0044 -0.3114 -0.0298 0.9498
480.957913 402.4380 -7.6433 250.0080 0.0044 -0.3117 -0.0311 0.9497
481.061653 401.6480 -7.6438 251.0731 0.0041 -0.3120 -0.0314 0.9496
481.165290 400.8960 -7.6488 252.0984 0.0030 -0.3124 -0.0311 0.9494
481.268775 400.0697 -7.6508 253.1742 0.0026 -0.3125 -0.0316 0.9494
481.372501 399.3502 -7.6500 254.1564 0.0025 -0.3126 -0.0310 0.9494
481.476116 398.5604 -7.6488 255.2380 0.0029 -0.3132 -0.0315 0.9492
481.579729 397.7574 -7.6582 256.3066 0.0040 -0.3134 -0.0345 0.9490
481.683366 397.0345 -7.6628 257.2636 0.0040 -0.3133 -0.0356 0.9490
481.786964 396.2481 -7.6662 258.3186 0.0029 -0.3134 -0.0356 0.9490
481.890578 395.4673 -7.6635 259.3634 0.0024 -0.3135 -0.0361 0.9489
481.994318 394.6838 -7.6595 260.4081 0.0018 -0.3135 -0.0371 0.9489
482.097932 393.9920 -7.6695 261.3986 0.0022 -0.3140 -0.0390 0.9486
482.201569 393.2222 -7.6697 262.4400 0.0023 -0.3144 -0.0399 0.9484
482.305187 392.4341 -7.6665 263.4795 0.0024 -0.3143 -0.0408 0.9484
482.408927 391.6581 -7.6680 264.5132 0.0023 -0.3140 -0.0417 0.9485
482.512520 390.9193 -7.6720 265.5154 0.0019 -0.3136 -0.0406 0.9487
482.616158 390.1419 -7.6643 266.5517 0.0022 -0.3131 -0.0387 0.9489
482.719749 389.3881 -7.6621 267.5864 0.0019 -0.3126 -0.0364 0.9492
482.823366 388.6523 -7.6589 268.6108 0.0023 -0.3125 -0.0340 0.9493
482.926982 387.9095 -7.6561 269.6389 0.0019 -0.3123 -0.0320 0.9494
483.030723 387.0871 -7.6380 270.7010 0.0005 -0.3112 -0.0302 0.9499
483.134355 386.1793 -7.6307 271.7554 -0.0007 -0.3096 -0.0308 0.9504
483.237959 385.3937 -7.6049 272.8167 -0.0011 -0.3088 -0.0291 0.9507
483.341573 384.6336 -7.6004 273.8446 0.0004 -0.3079 -0.0285 0.9510
483.445194 383.8931 -7.5982 274.8615 0.0032 -0.3073 -0.0266 0.9512
483.548806 383.1812 -7.6016 275.8607 0.0043 -0.3073 -0.0250 0.9513
483.652420 382.4780 -7.6042 276.8556 0.0036 -0.3068 -0.0241 0.9515
483.756039 381.7404 -7.6123 277.8595 0.0019 -0.3065 -0.0244 0.9516
483.859679 381.0623 -7.6202 278.8732 0.0016 -0.3068 -0.0246 0.9514
483.963350 380.3519 -7.6140 279.8810 0.0017 -0.3069 -0.0247 0.9514
484.066875 379.6306 -7.6192 280.8692 0.0010 -0.3068 -0.0254 0.9514
484.170638 378.9075 -7.6290 281.8575 -0.0001 -0.3067 -0.0259 0.9514
484.274230 378.1931 -7.6284 282.8209 0.0002 -0.3064 -0.0268 0.9515
484.377887 377.5002 -7.6335 283.7451 0.0007 -0.3061 -0.0275 0.9516
484.481478 376.8047 -7.6333 284.6895 0.0012 -0.3064 -0.0288 0.9515
484.585085 376.1053 -7.6374 285.6505 0.0006 -0.3070 -0.0304 0.9512
484.688861 375.4140 -7.6379 286.5839 -0.0006 -0.3075 -0.0311 0.9510
484.792453 374.7539 -7.6423 287.4826 -0.0010 -0.3081 -0.0330 0.9508
484.896053 374.0818 -7.6353 288.4106 0.0012 -0.3094 -0.0346 0.9503
484.999685 373.4242 -7.6343 289.2872 0.0035 -0.3102 -0.0351 0.9500
485.103410 372.7695 -7.6275 290.1818 0.0049 -0.3112 -0.0346 0.9497
485.207023 372.1113 -7.6301 291.0611 0.0048 -0.3118 -0.0341 0.9495
485.310639 371.4781 -7.6309 291.9228 0.0039 -0.3128 -0.0329 0.9492
485.414253 370.8371 -7.6321 292.7841 0.0034 -0.3137 -0.0313 0.9490
485.517869 370.2118 -7.6349 293.6315 0.0025 -0.3144 -0.0291 0.9488
485.621610 369.5873 -7.6393 294.4635 0.0016 -0.3153 -0.0282 0.9486
485.725225 369.0025 -7.6440 295.2738 0.0014 -0.3168 -0.0284 0.9481
485.828963 368.3968 -7.6494 296.0593 0.0020 -0.3178 -0.0287 0.9477
485.932582 367.7953 -7.6511 296.8335 0.0019 -0.3194 -0.0297 0.9471
