643173.628206930822 -0.0102987937 0.017089325 -0.584888233 0.999995024 -0.000824434829 0.000651342271 0.00297444941 
0 0.00688672188 0.0639219697 -4.01512531 0.99997849 -0.00424080581 0.00500351341 3.77954789e-06 
0 0.0244493055 0.226801073 -8.42140949 0.999733052 -0.0020492376 0.00723558516 0.0218465407 
0 0.0454566072 0.336487355 -12.759008 0.999684695 -0.000232778857 0.0095586337 0.0232182673 
0 0.142962917 0.36047238 -17.6487155 0.999533064 -0.00172844224 0.00798410577 0.0294434981 
0 0.13566174 0.199344322 -21.3086515 0.9992948 -0.00787518273 0.00744343521 0.0359510644 
0 0.206078831 0.202657439 -25.1739302 0.998876597 -0.00978799042 0.00696288301 0.0458394758 
0 0.177809695 0.409371134 -30.2150573 0.99855989 -0.00789730505 0.00738619189 0.0525473481 
0 0.176014775 0.766868217 -35.4741461 0.998186992 -0.00480997672 0.00752234629 0.0595231657 
0 0.148846105 0.816693188 -40.8756931 0.997955499 -0.00499067961 0.00861024224 0.0631330282 
0 0.0844175769 0.6835925 -46.343789 0.997527446 -0.00754993016 0.00990888078 0.0691650786 
0 0.162406691 0.940691984 -50.6938787 0.997240645 -0.00589485437 0.00912677178 0.0734373857 
0 0.218525701 0.621241181 -55.0591674 0.997039905 -0.00991021457 0.00901711855 0.0757093586 
0 0.174854008 0.742357068 -59.4095751 0.997032444 -0.00953028898 0.00906603723 0.0758504262 
0 0.341995453 0.509378391 -64.9367715 0.996905338 -0.0121166932 0.00844748786 0.077211226 
0 0.6300542 0.622985928 -70.4476392 0.996285759 -0.012228519 0.00652934076 0.0849853965 
0 0.719511412 1.14698272 -76.0424277 0.996259711 -0.00954463875 0.00630831743 0.0856486614 
0 0.652547311 1.54306565 -81.4975437 0.995784062 -0.00769061596 0.00697264602 0.0911391196 
0 0.279079033 1.5761997 -87.8838571 0.995611934 -0.00809693822 0.0091626608 0.0927758656 
0 -0.91517258 2.00748463 -94.4004517 0.995401076 -0.00585070741 0.0158571926 0.0942921871 
0 -2.9872213 1.16208907 -100.91023 0.994111293 -0.00967555402 0.0270720624 0.10448074 
0 13.436457 0.854668611 -105.852776 0.992628944 -0.0202496248 -0.0513598683 0.107888349 
0 60.460665 0.165074558 -92.3072607 0.953851733 -0.0475743631 -0.280135066 0.0970973544 
0 90.5956099 -0.70721008 -65.8728982 0.882792204 -0.0732995884 -0.454397301 0.0939584394 
0 105.386189 0.613006377 -40.0133775 0.809729838 -0.0811225138 -0.574771289 0.0859924012 
0 111.873316 -0.509931047 -16.561654 0.735414839 -0.0971072297 -0.666394791 0.0751876518 
0 113.058907 -0.442757527 -6.9088668 0.697886457 -0.0995780113 -0.70596465 0.0682101574 
0 113.262288 -0.729356529 -6.22739914 0.685497824 -0.103627435 -0.717500696 0.0674302553 
0 113.180916 0.838985399 -11.0226687 0.688506298 -0.0996767203 -0.714580813 0.073470343 
0 113.319854 1.05358516 -15.9995089 0.687183645 -0.095956661 -0.716797162 0.0690853544 
0 113.29884 3.8243073 -20.6180335 0.684389071 -0.0886790394 -0.719479762 0.0780800843 
0 113.287444 5.1435456 -25.9417945 0.683809736 -0.0874895291 -0.719237474 0.0862976435 
0 113.211466 6.42107748 -30.3466732 0.685116158 -0.0795516742 -0.719322613 0.0828393631 
0 113.318356 8.74171405 -32.7566421 0.681537138 -0.0726584486 -0.722697715 0.0890836246 
0 113.500753 10.1048151 -35.023013 0.678181085 -0.0685355028 -0.725897378 0.0919037412 
0 113.7374 10.3250857 -38.2184558 0.676163546 -0.0676524845 -0.728023479 0.0905969828 
0 113.717139 11.61303 -41.672989 0.674710848 -0.0647775981 -0.728907776 0.0962423444 
0 113.617272 12.938008 -45.0967357 0.67413493 -0.0606200705 -0.729371634 0.0994199343 
0 114.494964 13.2872463 -46.8593096 0.666509583 -0.0612531789 -0.736076808 0.101014638 
0 115.617742 15.2839194 -47.8065814 0.655482119 -0.0557587757 -0.745995233 0.103562844 
0 115.869809 14.8978443 -51.0575497 0.654165836 -0.0574523939 -0.747136438 0.10272986 
0 115.823378 14.4181525 -55.0760623 0.655583519 -0.0583545934 -0.746392405 0.0985056754 
0 115.901862 15.2417732 -57.707916 0.654098297 -0.0560286614 -0.747591053 0.100617213 
0 116.304952 15.4623193 -59.9566317 0.651314867 -0.0561008847 -0.749813708 0.102083484 
0 116.354518 16.8638474 -63.4019128 0.649871719 -0.0512488535 -0.751283898 0.103018488 
0 116.880376 16.2202501 -67.4880161 0.646531688 -0.0551715642 -0.753378498 0.106647611 
0 116.462323 17.2302803 -73.0546454 0.64878199 -0.0508664671 -0.752190252 0.103461858 
0 115.831416 17.2860865 -77.4200708 0.651181804 -0.0509317723 -0.749567698 0.107314853 
0 115.262888 18.7363879 -81.3999009 0.652603896 -0.045867601 -0.748380588 0.109228259 
0 114.93453 19.2482916 -86.1440528 0.654139692 -0.0440413909 -0.747222165 0.108722839 
0 114.056004 21.2774621 -93.9116349 0.654593427 -0.0376808375 -0.745578609 0.119164329 
0 114.757716 22.2205004 -98.7862192 0.650658719 -0.0355488875 -0.74840194 0.1235882 
0 116.262954 22.3480797 -102.616426 0.642834344 -0.0364432596 -0.753454515 0.133199808 
0 116.793464 23.2146954 -106.710816 0.640414567 -0.0342344185 -0.755482878 0.133950769 
0 118.846836 21.8617972 -109.381339 0.634281347 -0.0398737518 -0.760403772 0.133728678 
0 125.779969 21.5619391 -107.006286 0.610296975 -0.0452849963 -0.779917872 0.131205884 
0 131.152576 20.5623085 -105.051887 0.591958404 -0.0518179166 -0.794630637 0.124347503 
0 131.922927 18.6723837 -107.969478 0.59138931 -0.0580306822 -0.795549874 0.118285765 
0 130.65129 18.4219323 -113.604243 0.596916342 -0.058474254 -0.791853901 0.115061039 
0 127.717618 19.7555424 -119.942441 0.606871726 -0.0536552742 -0.784861317 0.113227792 
0 125.693932 21.1442519 -124.2639 0.612661068 -0.0489713596 -0.780538626 0.114051195 
0 119.275814 21.780564 -133.893676 0.631227004 -0.0442328664 -0.765301512 0.11793862 
0 99.3447838 24.258937 -152.820248 0.680579039 -0.0277739094 -0.72103447 0.127082942 
0 91.1924848 28.695913 -159.353541 0.69463611 -0.0093778269 -0.705745145 0.138983889 
0 97.713623 31.856723 -157.063735 0.678258516 -0.00377286523 -0.721593855 0.138756839 
0 103.667773 34.2076837 -154.323255 0.662188545 0.000348169403 -0.735872102 0.141415911 
0 110.775383 35.7785848 -150.536326 0.643733739 0.00112167172 -0.752024973 0.141647642 
0 118.230289 36.9263036 -146.506395 0.623759781 0.000435478755 -0.768667105 0.141684255 
0 122.534231 37.6307279 -145.338004 0.611752854 0.000115879999 -0.778154693 0.142245234 
0 126.600757 37.9873256 -145.782772 0.60020021 -0.000819652758 -0.786761345 0.144102817 
0 132.640288 38.521969 -145.762182 0.58434227 -0.00369198737 -0.799485997 0.1391137 
0 130.655569 38.0916658 -153.561938 0.589777569 -0.00397795075 -0.795333488 0.139968706 
0 109.441684 39.9800447 -174.120477 0.638790679 0.00913292365 -0.756695691 0.138833316 
0 62.5618331 46.0281574 -197.635595 0.724427412 0.0428548876 -0.673888052 0.138720137 
