343.84989004800002 0 0 0 1 0 0 0 0 0 0 0 0 0 0 0 0 
343.954008575999978 0.165225613 -0.0129207474 -0.43314248 0.99959092 0.00210731657 -0.0281366505 -0.00467776524 0 0 0 0 0 0 0 0 0 
344.057988863999981 -0.13887406 0.0180570557 -1.21488151 0.999588026 0.00324339774 -0.0284227385 -0.00232503599 0 0 0 0 0 0 0 0 0 
344.162105087999976 -0.145266917 0.0277862592 -1.63947894 0.998454684 0.00355408004 -0.0554231105 -0.00197261085 0 0 0 0 0 0 0 0 0 
344.266226431999996 -0.0963219468 0.000629889445 -2.1884825 0.997114986 -0.00380935261 -0.0757896453 -0.00176717161 0 0 0 0 0 0 0 0 0 
344.370218752000028 -0.00653866117 -0.00218529225 -2.6163017 0.994937208 -0.00681200566 -0.100226362 -0.00286793536 0 0 0 0 0 0 0 0 0 
344.474212095999974 0.32264956 -0.0320059344 -3.14186607 0.987527444 -0.0161750959 -0.15627949 -0.0102290661 0 0 0 0 0 0 0 0 0 
344.578074879999974 0.654533895 0.0337962027 -4.14660485 0.977441686 -0.0152638388 -0.210182914 -0.0140679891 0 0 0 0 0 0 0 0 0 
344.681936896000025 0.843419089 0.0426300247 -4.49455396 0.96580563 -0.013320985 -0.258397292 -0.0165189699 0 0 0 0 0 0 0 0 0 
344.785682688000009 1.08795766 0.0500168572 -4.72248578 0.955295914 -0.014232174 -0.294757505 -0.0180325914 0 0 0 0 0 0 0 0 0 
344.889541887999997 1.29936379 0.0438142805 -5.04812105 0.939744547 -0.0111706192 -0.341167784 -0.0189722358 0 0 0 0 0 0 0 0 0 
344.993377023999983 1.59404547 0.0420114396 -5.2217322 0.927589576 -0.00539822005 -0.372998121 -0.0205143766 0 0 0 0 0 0 0 0 0 
345.096898048000014 2.09788473 0.0341763967 -5.79447793 0.917033884 -0.00624794928 -0.397971514 -0.0250697731 0 0 0 0 0 0 0 0 0 
345.200606463999975 2.30432253 -0.0420295629 -6.04551378 0.903042686 0.00498642666 -0.428101209 -0.0349055421 0 0 0 0 0 0 0 0 0 
345.304056064000008 3.03687444 0.0219814119 -6.4898461 0.870734176 0.00102992578 -0.490693899 -0.0322557115 0 0 0 0 0 0 0 0 0 
345.407512575999988 3.54564009 0.0614392431 -7.05002273 0.849074396 0.00817530119 -0.5268894 -0.037328199 0 0 0 0 0 0 0 0 0 
345.511079424000002 4.27646491 0.214301865 -7.87934052 0.823102197 0.0208729432 -0.566708436 -0.030143681 0 0 0 0 0 0 0 0 0 
345.614479872000004 5.01104855 0.264585139 -8.62068894 0.784786713 0.0265490752 -0.619088698 -0.0115821685 0 0 0 0 0 0 0 0 0 
345.717866495999999 5.1823607 0.23509796 -9.04878568 0.749954285 0.0319403749 -0.660552124 -0.0148079388 0 0 0 0 0 0 0 0 0 
345.821343488000025 5.15599987 0.231641845 -9.02839636 0.703188895 0.0310806239 -0.71019281 -0.0136214848 0 0 0 0 0 0 0 0 0 
345.924791296000024 5.08808896 0.222856192 -8.9907809 0.682841029 0.0342365231 -0.729614989 -0.014763369 0 0 0 0 0 0 0 0 0 
346.028293631999986 5.3571992 0.260837365 -9.78235406 0.671304507 0.0312893936 -0.740391533 -0.0138423415 0 0 0 0 0 0 0 0 0 
346.131804928000008 5.77724829 0.29721592 -10.3795183 0.660196328 0.0284910016 -0.750357661 -0.0171012285 0 0 0 0 0 0 0 0 0 
346.235421439999982 6.18736322 0.303544664 -11.2413795 0.666873887 0.0242086836 -0.744647351 -0.0139097458 0 0 0 0 0 0 0 0 0 
346.339034879999986 6.4834689 0.358949593 -11.6894755 0.670562263 0.0123660782 -0.741514123 0.0187119615 0 0 0 0 0 0 0 0 0 
346.442653952000001 6.25883295 0.246227623 -12.2615096 0.402913107 0.0305109369 -0.914532387 0.0189901052 0 0 0 0 0 0 0 0 0 
346.546268160000011 6.38650138 0.273123628 -11.9001894 0.395056998 0.0361988332 -0.917875004 0.0111844015 0 0 0 0 0 0 0 0 0 
346.649908224000001 6.96965563 0.291530323 -12.5488848 0.398017058 0.0300117302 -0.91664331 0.0211367091 0 0 0 0 0 0 0 0 0 
346.753437952000013 7.65226999 0.165356766 -13.4545824 0.425022772 0.0342559253 -0.904305267 0.0203509154 0 0 0 0 0 0 0 0 0 
346.857010688000003 9.4184481 -0.040056053 -15.9458549 0.392776006 0.0258298685 -0.919270485 0.00126608015 0 0 0 0 0 0 0 0 0 
346.96060595199998 5.18660349 0.425477415 -12.3801266 0.545274903 0.0507676593 -0.834617394 0.0592598563 0 0 0 0 0 0 0 0 0 
347.064350463999972 9.38998841 0.19552963 -14.4611252 0.37981214 -0.0298283903 -0.924576059 -0.00348091481 0 0 0 0 0 0 0 0 0 
347.167831808000017 8.38262117 -0.194924302 -14.4416371 0.569185499 -0.0257701158 -0.821395473 -0.0259469868 0 0 0 0 0 0 0 0 0 
347.271451647999982 9.71385553 0.130554979 -16.0995627 0.534690322 0.00464739579 -0.844553015 -0.0285458569 0 0 0 0 0 0 0 0 0 
347.37506227199998 11.050253 0.364524116 -17.8738271 0.504440745 -0.00490603021 -0.863424491 0.0036897217 0 0 0 0 0 0 0 0 0 
347.478594047999991 8.50904782 0.478301689 -19.318683 0.522939107 0.0217592189 -0.851911129 0.0175685722 0 0 0 0 0 0 0 0 0 
347.58217344000002 12.5086509 0.492617987 -19.4873721 0.571100814 -0.0325186325 -0.820081996 0.0158719118 0 0 0 0 0 0 0 0 0 
347.685788672000001 10.4935929 0.183638082 -19.8090938 0.53691433 -0.00990537659 -0.843469101 0.0135926709 0 0 0 0 0 0 0 0 0 
347.78942310399998 11.5177285 0.267177824 -20.3191015 0.473686727 0.0122617671 -0.879886117 0.0356504468 0 0 0 0 0 0 0 0 0 
347.893020159999992 11.2320065 0.265922717 -20.3037383 0.486621802 -0.00238730857 -0.872790844 0.0378109252 0 0 0 0 0 0 0 0 0 
347.996508672000004 11.6117646 0.218791889 -20.9449285 0.487701196 0.0125987382 -0.872297177 0.0329613382 0 0 0 0 0 0 0 0 0 
348.100125183999978 11.6378673 0.161515255 -21.5796701 0.469544168 0.0142244481 -0.882671859 -0.0147081 0 0 0 0 0 0 0 0 0 
348.203616255999975 11.6482847 0.26799593 -22.7077106 0.493089813 0.0227834335 -0.869654308 0.00668848765 0 0 0 0 0 0 0 0 0 
348.30723225600002 11.7297908 0.129776847 -24.4086696 0.528284951 0.0383576384 -0.847614998 0.0315042442 0 0 0 0 0 0 0 0 0 
348.410847999999987 12.6540004 0.00933348606 -25.1934587 0.507255808 0.040751362 -0.859572389 0.0465422419 0 0 0 0 0 0 0 0 0 
348.514335743999993 12.7396124 -0.0745079955 -25.724838 0.492830498 0.0375390926 -0.867381441 0.0579512876 0 0 0 0 0 0 0 0 0 
348.617855743999996 12.8130623 -0.146143411 -26.4237864 0.530060429 0.0244831222 -0.845701937 0.0567869039 0 0 0 0 0 0 0 0 0 
348.721315839999988 13.2237344 -0.244564447 -27.8798063 0.571931471 0.021091494 -0.816258609 0.0785584087 0 0 0 0 0 0 0 0 0 
348.824932864000004 12.9860218 -0.258342053 -28.608863 0.507298621 0.0463024612 -0.856078784 0.0873687928 0 0 0 0 0 0 0 0 0 
348.928558080000016 13.1405202 -0.246638588 -29.3943997 0.494608147 0.0386814292 -0.864422532 0.0814875049 0 0 0 0 0 0 0 0 0 
349.032039167999983 13.1969113 -0.247870179 -30.9044473 0.515613157 0.037021664 -0.849914294 0.102069399 0 0 0 0 0 0 0 0 0 
349.135778560000006 13.179472 -0.233775645 -32.0329493 0.56484084 0.0339939577 -0.817315825 0.10860055 0 0 0 0 0 0 0 0 0 
349.239396096000007 13.2889743 -0.0773378119 -33.6037529 0.646741964 0.0310770778 -0.749208858 0.139445812 0 0 0 0 0 0 0 0 0 
349.343011839999974 13.5900351 -0.0638258405 -34.3043842 0.698887059 0.0354929646 -0.699465355 0.145070139 0 0 0 0 0 0 0 0 0 
349.446627327999977 13.8454641 -0.154070454 -34.942977 0.69941068 0.0393942192 -0.700515739 0.136200203 0 0 0 0 0 0 0 0 0 
349.550243583999986 13.8514586 -0.175433023 -35.6028506 0.725457695 0.0299127791 -0.671646547 0.147333888 0 0 0 0 0 0 0 0 0 
349.653858816000024 13.8925785 -0.172954049 -36.1675779 0.734302904 0.0181150148 -0.658527144 0.163747036 0 0 0 0 0 0 0 0 0 
349.757470975999979 14.3208578 -0.239037094 -37.8570486 0.749655031 0.010945037 -0.638987189 0.172025907 0 0 0 0 0 0 0 0 0 
349.861090047999994 14.7448288 -0.392983837 -39.2058439 0.743937833 0.0308711227 -0.641958235 0.183011199 0 0 0 0 0 0 0 0 0 
349.964706560000025 14.5176192 -0.330836007 -40.0434628 0.70895075 0.0186825284 -0.68799302 0.153965584 0 0 0 0 0 0 0 0 0 
350.068320255999993 14.4683857 -0.218515275 -40.9426083 0.668540077 0.0197199775 -0.727658034 0.152246754 0 0 0 0 0 0 0 0 0 
350.172066303999998 14.1756159 -0.130647508 -41.765003 0.635090019 0.0129685007 -0.763794161 0.114503124 0 0 0 0 0 0 0 0 0 
350.275681792 13.7317531 -0.0549984536 -42.5710657 0.610573043 -0.00323751216 -0.787004033 0.0884009655 0 0 0 0 0 0 0 0 0 
350.379425024 13.6964486 -0.182702742 -47.7512842 0.675352059 -0.0146328882 -0.732508237 0.0843632479 0 0 0 0 0 0 0 0 0 
350.483037439999976 13.9502033 -0.0191474506 -46.8610714 0.73718204 0.0148063532 -0.663951074 0.124548717 0 0 0 0 0 0 0 0 0 
350.586771967999994 14.3269172 -0.159422666 -48.1208995 0.767755311 -0.0179741789 -0.63393225 0.0914254494 0 0 0 0 0 0 0 0 0 
350.690408192000007 15.3588392 -0.13817554 -47.9696569 0.783141253 -0.00977730828 -0.619238589 0.0560156344 0 0 0 0 0 0 0 0 0 
350.794130431999974 14.7701566 0.0379906204 -49.0486332 0.801268188 -0.0186228112 -0.597249563 0.0302562684 0 0 0 0 0 0 0 0 0 
350.897716992000028 14.1563147 0.160532898 -51.0322649 0.792653071 -0.0275055118 -0.609026062 0.00564028659 0 0 0 0 0 0 0 0 0 
351.00191206400001 14.6253411 0.231898765 -51.2633773 0.738041206 0.00459489191 -0.671466148 -0.0663873285 0 0 0 0 0 0 0 0 0 
351.104934656000012 16.2633707 0.144060471 -52.4046409 0.738891129 0.00360112303 -0.667521324 -0.0918815186 0 0 0 0 0 0 0 0 0 
351.208562943999993 16.2107264 0.228030687 -52.8723847 0.728142455 0.0174423524 -0.676034513 -0.111721385 0 0 0 0 0 0 0 0 0 
351.312083712000003 15.0004545 -0.110468441 -56.0458535 0.670051013 0.027115442 -0.734037428 -0.107170173 0 0 0 0 0 0 0 0 0 
351.41573990400002 15.1313475 0.172718339 -56.6299824 0.673916365 0.0103874481 -0.727560089 -0.128004495 0 0 0 0 0 0 0 0 0 
351.519370240000001 15.1782686 0.426439367 -57.351897 0.655287053 0.0375428364 -0.746248008 -0.110920346 0 0 0 0 0 0 0 0 0 
351.622990080000022 16.3961971 0.677840857 -57.5150138 0.641014738 0.059588518 -0.757184817 -0.110546221 0 0 0 0 0 0 0 0 0 
351.726669055999992 16.3982136 1.16264041 -59.4833228 0.716227061 0.101708029 -0.685971833 -0.07821073 0 0 0 0 0 0 0 0 0 
351.830282239999974 15.6699558 1.05025429 -60.4621475 0.69154477 0.115889888 -0.710324589 -0.0614356878 0 0 0 0 0 0 0 0 0 
351.93411635199999 17.1214659 0.756174451 -61.924227 0.63571872 0.144780288 -0.758194449 -0.00644626369 0 0 0 0 0 0 0 0 0 
352.037516288000006 17.0499198 0.645346339 -62.776875 0.635974279 0.143864856 -0.75812707 0.00910856678 0 0 0 0 0 0 0 0 0 
352.141256192000014 15.3366275 0.458574527 -63.4235699 0.635057189 0.109512968 -0.7646628 0.000281214512 0 0 0 0 0 0 0 0 0 
352.24487859200002 14.5131594 0.322567741 -64.6633788 0.643026699 0.0968183094 -0.759663862 -0.00732776704 0 0 0 0 0 0 0 0 0 
352.34890956800001 17.9966753 0.572679708 -66.5785567 0.673470017 0.0975005288 -0.731812964 -0.0371694625 0 0 0 0 0 0 0 0 0 
352.452511232000006 15.1136366 0.2695206 -67.2436818 0.620327107 0.0765322349 -0.780224985 -0.0242089027 0 0 0 0 0 0 0 0 0 
352.555862527999977 19.6037623 0.670091182 -70.8255652 0.651227131 0.0785633163 -0.75480217 0.00217097488 0 0 0 0 0 0 0 0 0 
352.65948262400002 15.2459123 -0.0333823255 -70.5488455 0.720410864 0.0765954731 -0.686077264 -0.0666281395 0 0 0 0 0 0 0 0 0 
